5 5 16 20 
0.193708 
-0.149679 
-0.121189 
-0.195866 
-0.188218 
0.005008 
-0.251595 
-0.189829 
0.100549 
0.135518 
-0.145440 
-0.166744 
0.157872 
0.136612 
0.409043 
0.036766 
0.024026 
0.034031 
0.188773 
0.103006 
-0.037541 
0.095501 
0.072346 
0.261934 
-0.038569 
0.107674 
0.206828 
0.110215 
-0.014078 
-0.064260 
0.305943 
0.111856 
-0.034183 
-0.118511 
-0.142083 
0.240312 
-0.182583 
0.090882 
0.225605 
-0.051043 
0.074980 
-0.009963 
0.150016 
0.100199 
-0.029671 
-0.177296 
-0.066038 
0.119811 
-0.002084 
0.061561 
0.064315 
0.154330 
0.114407 
-0.254220 
-0.052318 
0.107202 
0.068543 
-0.060020 
-0.049607 
-0.009768 
0.064360 
-0.115484 
-0.041422 
0.054932 
0.132908 
0.090742 
-0.127112 
0.030439 
0.070596 
-0.064178 
-0.089250 
-0.116307 
-0.169096 
0.046494 
-0.006514 
0.029159 
0.057854 
0.000505 
0.064042 
0.282038 
0.263635 
-0.092548 
0.147814 
0.333660 
-0.001437 
-0.007185 
-0.118792 
0.695151 
-0.186382 
-0.179239 
0.018385 
0.494961 
-0.092310 
-0.263600 
-0.094795 
0.054431 
-0.077406 
-0.030575 
0.010752 
-0.035513 
0.182665 
0.270774 
0.293274 
-0.295401 
0.070078 
0.026740 
-0.028768 
-0.232847 
-0.309517 
0.087643 
0.096773 
-0.125523 
-0.261239 
-0.099710 
0.078138 
0.132369 
-0.179889 
-0.040210 
0.010197 
0.072165 
0.089810 
0.067881 
0.127530 
-0.048991 
-0.048914 
0.065917 
-0.118828 
-0.266028 
0.044522 
-0.092023 
0.129909 
-0.204425 
-0.263219 
-0.196372 
-0.080286 
0.071836 
0.033778 
-0.182970 
-0.152081 
0.061225 
0.145717 
-0.136450 
0.000531 
0.050854 
-0.008636 
0.021583 
-0.038130 
0.082237 
-0.054511 
0.047076 
0.187944 
0.098598 
0.088580 
-0.089169 
-0.118418 
-0.104803 
-0.174572 
-0.147626 
0.061688 
-0.008823 
-0.127841 
-0.181462 
-0.080003 
0.000129 
0.149032 
-0.305927 
-0.099634 
0.031618 
0.021520 
0.071349 
-0.092948 
0.207052 
0.182389 
-0.107190 
-0.132422 
-0.109678 
-0.141439 
-0.238504 
0.000369 
0.102520 
-0.022562 
-0.528127 
-0.800709 
-0.114445 
0.444457 
-0.193810 
-0.406660 
-0.493913 
-0.075457 
0.210319 
-0.217013 
-0.112718 
-0.258690 
-0.121821 
0.073878 
-0.121712 
-0.173086 
-0.012545 
0.020633 
0.035064 
-0.140530 
0.115414 
0.250382 
0.163662 
0.341399 
0.046218 
0.126503 
0.085289 
-0.137726 
0.107180 
0.212489 
-0.082897 
-0.061738 
-0.355025 
-0.004058 
-0.040820 
-0.148977 
-0.079416 
-0.018330 
-0.080652 
-0.268517 
-0.143864 
-0.144226 
-0.117296 
-0.018407 
0.067568 
-0.073014 
0.107684 
-0.178230 
-0.057666 
0.027161 
-0.081911 
-0.026729 
-0.092579 
-0.108321 
-0.012736 
0.035089 
-0.041866 
-0.055782 
-0.121834 
-0.015555 
0.030149 
0.021916 
-0.029313 
-0.064714 
-0.099410 
-0.016936 
0.098346 
-0.041402 
-0.096184 
0.145313 
-0.208854 
-0.318194 
-0.142509 
0.122944 
0.061295 
-0.190438 
-0.172697 
-0.082105 
0.041967 
0.016128 
-0.211555 
0.174931 
0.058403 
0.012816 
0.181967 
0.172365 
0.047088 
0.081664 
0.006898 
0.069588 
0.159818 
-0.063959 
-0.009195 
-0.171411 
0.212844 
0.143200 
0.241995 
0.098362 
-0.205835 
-0.112606 
0.543719 
0.439264 
-0.208453 
-0.296768 
0.369874 
0.375592 
-0.031675 
0.074537 
-0.026471 
0.332654 
-0.247108 
0.201465 
0.150747 
-0.036396 
-0.137235 
-0.180043 
0.237146 
0.085383 
0.190967 
0.173746 
0.300898 
0.356620 
0.282254 
-0.014313 
-0.171016 
0.089420 
0.290944 
0.123060 
-0.159388 
0.018715 
0.003969 
0.041958 
0.147989 
0.023902 
-0.108829 
-0.037991 
-0.199764 
-0.396770 
0.012831 
-0.147543 
-0.161369 
-0.200716 
-0.322714 
0.064748 
0.052803 
0.167709 
0.589748 
-0.176476 
-0.212239 
0.202735 
-0.068070 
0.412758 
-0.138950 
0.006683 
-0.058703 
0.256194 
-0.095415 
-0.033847 
-0.039134 
-0.017511 
0.051385 
-0.262864 
0.092671 
0.012733 
-0.072891 
-0.353794 
-0.267363 
-0.204044 
-0.022467 
-0.245505 
0.307292 
0.062872 
-0.263865 
0.296281 
0.047381 
0.315070 
-0.136004 
-0.043860 
0.184046 
0.321119 
-0.036280 
-0.225007 
0.025604 
-0.126534 
0.137612 
-0.199580 
-0.241495 
-0.060728 
0.014144 
0.081455 
-0.162546 
-0.176589 
-0.072279 
0.050555 
-0.091407 
-0.266861 
-0.240972 
-0.026594 
-0.040297 
-0.186040 
-0.482529 
-0.470101 
-0.169968 
0.149106 
-0.274512 
-0.306274 
-0.375927 
-0.229592 
0.168451 
-0.176883 
-0.066446 
-0.343638 
-0.251054 
-0.163752 
-0.119830 
-0.043646 
-0.242157 
-0.153148 
-0.038904 
0.132606 
-0.100924 
-0.044154 
0.087625 
0.006552 
-0.015771 
-0.192089 
-0.174141 
-0.086295 
0.067652 
0.011185 
-0.233081 
-0.169409 
-0.177172 
0.083222 
-0.036697 
-0.397833 
-0.255735 
-0.187109 
-0.048459 
0.221932 
-0.162078 
-0.088120 
-0.008225 
0.202359 
0.368879 
0.450548 
0.058127 
-0.105473 
-0.364487 
-0.118127 
0.091747 
0.213586 
0.010919 
-0.332170 
0.052534 
-0.022244 
0.215503 
0.014149 
-0.317978 
-0.187010 
-0.131591 
-0.040352 
-0.079995 
-0.133230 
0.010840 
-0.218298 
-0.320695 
-0.330327 
0.037583 
0.239917 
-0.130697 
-0.380771 
0.115199 
0.065411 
0.476308 
-0.049503 
-0.192779 
0.041064 
0.052291 
0.470005 
0.101323 
-0.056580 
0.034524 
-0.018725 
0.291781 
0.085766 
-0.041866 
-0.051638 
-0.038417 
0.282283 
0.209071 
-0.031741 
-0.161591 
-0.049165 
-0.029593 
-0.061003 
-0.003381 
-0.027135 
0.020140 
-0.402972 
-0.376189 
-0.327878 
-0.205989 
-0.182533 
-0.484089 
-0.320774 
-0.181649 
-0.318007 
-0.131658 
-0.181842 
-0.213512 
0.180137 
-0.198145 
-0.036333 
0.065705 
-0.105302 
0.131683 
-0.070883 
-0.089624 
0.036713 
-0.165517 
-0.074018 
-0.102296 
-0.097948 
-0.076764 
0.030438 
-0.059601 
-0.134061 
-0.081856 
0.018747 
0.135637 
0.229300 
-0.009130 
0.017194 
-0.049408 
0.052703 
0.107337 
0.091971 
0.103159 
-0.137216 
-0.014721 
-0.114743 
-0.092692 
0.019414 
0.139508 
0.148507 
-0.065150 
-0.115623 
-0.289099 
0.047721 
0.134894 
-0.097607 
-0.146142 
-0.198847 
-0.091709 
0.159593 
0.043025 
-0.292822 
-0.122582 
-0.193723 
-0.248733 
-0.242633 
-0.058500 
-0.088092 
0.007416 
-0.167081 
-0.090636 
-0.093573 
-0.078560 
-0.037362 
-0.174984 
-0.041340 
0.096833 
0.209207 
0.076743 
0.348562 
-0.276504 
-0.260278 
0.050875 
-0.009080 
0.495535 
-0.086898 
-0.276802 
-0.021793 
-0.020566 
0.298163 
0.102437 
0.016438 
-0.187738 
0.047204 
0.222464 
0.307561 
0.020437 
-0.055079 
0.237810 
-0.079896 
-0.127092 
0.169772 
0.165227 
0.047215 
-0.096614 
-0.422725 
-0.213036 
-0.000163 
0.063578 
0.013478 
-0.206338 
-0.250927 
-0.006581 
-0.018840 
-0.025198 
0.008101 
-0.098627 
-0.133177 
0.094851 
-0.157828 
0.078570 
0.110108 
-0.156512 
0.073121 
0.166172 
-0.027589 
-0.054601 
-0.045839 
-0.100319 
-0.044225 
-0.020680 
-0.059877 
0.035924 
-0.219469 
0.079949 
-0.004378 
0.043948 
0.074097 
-0.175197 
-0.102992 
0.023195 
-0.005833 
0.219266 
-0.319884 
-0.183370 
-0.221937 
-0.061912 
0.225133 
0.271304 
0.368600 
0.336268 
0.057127 
-0.093048 
0.157217 
0.079767 
-0.051741 
-0.071956 
-0.074353 
-0.105518 
-0.050173 
-0.025453 
-0.084724 
-0.072338 
-0.187590 
-0.292837 
-0.175409 
-0.149407 
-0.229620 
-0.298043 
-0.306358 
-0.151688 
-0.285734 
-0.243550 
-0.207337 
-0.192737 
0.145825 
0.168193 
0.043679 
-0.070704 
-0.130327 
-0.031337 
-0.033917 
0.065341 
-0.026871 
-0.101842 
-0.076809 
0.006003 
0.076189 
0.117252 
-0.084582 
-0.162008 
0.031912 
0.163939 
-0.044428 
0.107350 
0.189282 
0.207347 
0.277477 
-0.025861 
-0.031486 
-0.121351 
-0.068541 
-0.018129 
-0.153990 
-0.084622 
-0.068397 
-0.112857 
-0.126009 
-0.023424 
0.102443 
0.035141 
-0.158826 
-0.150827 
-0.040392 
-0.008554 
-0.035195 
-0.155802 
-0.277957 
0.267515 
-0.001969 
0.072398 
-0.183319 
-0.345465 
0.052596 
0.023375 
0.086351 
0.325643 
0.148369 
0.076317 
0.164357 
-0.007732 
0.026835 
-0.105657 
0.018451 
0.115846 
-0.065434 
-0.140418 
-0.186759 
-0.012570 
0.231468 
-0.132860 
-0.252463 
-0.188163 
-0.022762 
0.056955 
-0.066168 
-0.130955 
-0.102602 
-0.155044 
-0.063692 
0.217429 
0.238414 
0.150572 
-0.157413 
-0.021296 
0.017565 
0.096519 
-0.062956 
-0.025987 
-0.023354 
-0.034364 
-0.060374 
0.044869 
-0.022467 
-0.016652 
-0.046975 
-0.027827 
0.067584 
0.130307 
0.204315 
0.216041 
-0.116510 
0.087673 
0.076045 
0.120991 
-0.157558 
-0.085783 
-0.028352 
-0.049034 
0.059558 
-0.037707 
-0.131130 
-0.170841 
-0.040700 
0.210307 
0.160486 
-0.198607 
-0.189643 
0.112359 
0.092427 
0.265575 
-0.119824 
-0.154904 
0.114462 
-0.045938 
0.047687 
-0.151508 
-0.119209 
-0.050094 
-0.103747 
0.227309 
0.242591 
0.039667 
0.084634 
-0.144073 
-0.198821 
-0.023646 
-0.059487 
-0.027231 
0.042019 
-0.023986 
-0.107598 
0.027629 
-0.115063 
0.075483 
0.040484 
-0.062951 
-0.013856 
-0.058469 
0.201417 
-0.102177 
-0.000768 
-0.142706 
0.179585 
0.267007 
0.062013 
-0.014440 
-0.053935 
-0.106414 
-0.139793 
-0.316668 
-0.515339 
-0.248865 
-0.216032 
-0.423972 
-0.129417 
-0.198216 
-0.216230 
0.072353 
-0.174677 
-0.257623 
-0.138940 
0.033172 
0.004003 
-0.141970 
-0.139141 
-0.131407 
0.326136 
-0.135060 
0.269234 
0.140249 
0.128443 
0.020052 
-0.317894 
-0.023132 
-0.164776 
-0.157228 
0.395832 
-0.092518 
-0.009571 
0.012966 
0.026314 
0.084132 
0.245753 
-0.118824 
-0.177918 
-0.137727 
-0.031668 
0.210176 
0.112282 
-0.145837 
-0.140175 
-0.053115 
0.200129 
0.133705 
-0.067445 
0.188601 
-0.050246 
0.148501 
-0.048188 
-0.301740 
-0.270365 
-0.146971 
0.134631 
0.057200 
-0.387729 
-0.634911 
-0.414268 
0.009309 
0.139531 
0.114703 
-0.182794 
-0.267977 
0.001658 
0.188116 
0.118647 
0.360758 
0.206215 
-0.050253 
-0.011435 
0.000840 
-0.101984 
0.202870 
-0.139318 
-0.078495 
-0.038791 
-0.076478 
-0.010680 
-0.205495 
-0.160992 
-0.009370 
-0.246236 
0.185522 
-0.036833 
-0.115521 
0.350646 
0.032807 
0.213077 
0.024232 
0.114856 
0.067822 
-0.001211 
-0.082812 
0.108530 
-0.201323 
-0.365055 
-0.252845 
0.236732 
0.162488 
-0.058751 
-0.675646 
-0.523564 
-0.149008 
0.196451 
0.276584 
0.181388 
-0.458895 
-0.691496 
0.002246 
0.220460 
0.263490 
-0.217611 
-0.299642 
0.054433 
0.166292 
0.462152 
0.141177 
0.211226 
-0.025607 
-0.117538 
-0.071586 
0.153754 
-0.011047 
-0.133903 
0.021002 
-0.017881 
0.214846 
0.005346 
-0.201497 
-0.092992 
0.161404 
0.005182 
0.197382 
0.096597 
-0.166832 
-0.046698 
0.072069 
0.013365 
0.207687 
-0.044839 
-0.044931 
0.063302 
-0.050351 
-0.117281 
-0.081201 
0.045540 
-0.178735 
0.047104 
-0.061517 
0.201652 
0.428227 
-0.384625 
-0.437668 
-0.104598 
-0.077173 
-0.029709 
-0.318085 
-0.425133 
-0.084247 
-0.298299 
-0.150748 
-0.140877 
-0.049501 
0.248762 
-0.203424 
-0.270045 
-0.199752 
0.068868 
-0.072162 
0.019822 
0.109450 
0.289775 
0.216716 
-0.205921 
0.252661 
0.042302 
0.291015 
0.169553 
0.031713 
0.139133 
0.638010 
0.016177 
-0.020831 
0.191321 
0.047255 
0.004024 
-0.101065 
0.025798 
-0.228854 
-0.301298 
-0.163804 
-0.171288 
0.076003 
-0.125055 
0.120586 
0.009402 
0.178961 
-0.030769 
-0.331105 
-0.244685 
0.010638 
-0.126270 
0.043774 
-0.164335 
-0.091261 
-0.080359 
0.338102 
0.195674 
-0.233409 
-0.176512 
-0.075054 
-0.153702 
-0.057439 
-0.191499 
0.060281 
-0.040362 
0.065218 
-0.197738 
-0.296185 
-0.021678 
0.242936 
-0.182263 
-0.146445 
-0.212570 
-0.400457 
0.013070 
0.215045 
-0.138659 
0.026411 
-0.004098 
-0.052145 
0.123215 
0.165991 
0.046938 
0.346796 
0.019266 
-0.163172 
-0.162653 
-0.089917 
-0.012857 
0.092320 
-0.025332 
0.004523 
-0.101232 
-0.256908 
-0.137138 
0.082790 
0.303031 
-0.002090 
-0.026438 
0.123493 
-0.091602 
-0.106331 
-0.043081 
-0.195707 
0.043495 
0.104212 
-0.264693 
-0.042931 
-0.256158 
-0.111808 
0.045148 
0.049878 
0.061689 
-0.140867 
-0.213455 
-0.129808 
0.132575 
0.166030 
0.244858 
0.256917 
0.107494 
-0.119649 
-0.215702 
0.446035 
0.601297 
0.075126 
-0.011433 
-0.331069 
-0.079921 
0.042098 
-0.178879 
0.214226 
0.123068 
-0.150150 
-0.069351 
0.171424 
-0.121970 
0.013441 
-0.265505 
-0.347231 
0.011533 
0.046357 
-0.067227 
0.008895 
-0.227656 
0.207804 
0.086076 
0.090593 
0.112278 
0.145515 
-0.198375 
-0.225861 
0.154727 
0.163700 
-0.034253 
-0.285292 
-0.370566 
0.004017 
-0.079730 
-0.315878 
-0.123780 
-0.110179 
-0.004784 
0.106879 
0.083977 
0.317137 
0.150461 
0.116035 
0.128297 
-0.003512 
-0.178545 
0.246554 
0.147769 
0.427268 
0.114534 
-0.152586 
-0.057311 
-0.179215 
-0.005167 
-0.092148 
-0.193648 
0.006732 
-0.035857 
-0.087494 
-0.416938 
-0.028727 
0.028491 
-0.106687 
0.042347 
0.020106 
0.071638 
-0.135723 
0.019309 
0.085205 
0.102426 
-0.239151 
0.050466 
-0.241408 
0.173707 
0.396603 
-0.365436 
-0.302870 
-0.134900 
-0.275961 
0.428905 
0.347276 
-0.143303 
0.173071 
-0.346247 
-0.197966 
0.434542 
0.547441 
0.334668 
0.274266 
-0.346779 
-0.340295 
-0.203381 
-0.042040 
0.143917 
-0.017234 
-0.117379 
0.112926 
0.060861 
-0.104843 
0.109295 
-0.008428 
-0.081649 
0.016339 
0.041412 
0.173917 
0.032593 
-0.255410 
0.014078 
0.025928 
-0.232691 
-0.127683 
-0.049480 
0.002836 
-0.260689 
-0.050164 
0.018703 
0.153934 
-0.004858 
-0.030340 
0.128894 
0.118904 
0.226766 
-0.239776 
-0.311520 
-0.054701 
0.092076 
0.068257 
-0.130909 
-0.445414 
0.020009 
0.277252 
0.079143 
-0.054976 
-0.061184 
0.186214 
0.210535 
-0.072835 
0.041617 
-0.092654 
0.126290 
-0.027840 
-0.026358 
0.088234 
0.114317 
-0.020138 
-0.157158 
-0.167838 
-0.162607 
-0.129837 
0.015241 
-0.357254 
-0.270580 
0.201548 
0.003203 
-0.140098 
-0.367021 
-0.218885 
0.370861 
0.187022 
0.156179 
-0.299678 
-0.202078 
-0.000964 
0.040970 
-0.108609 
-0.040688 
-0.083179 
0.245723 
-0.189882 
-0.178552 
0.140597 
0.014567 
0.268734 
-0.143623 
-0.127109 
0.056753 
-0.023498 
-0.255197 
-0.043608 
-0.095926 
0.045593 
0.149412 
-0.110191 
-0.030736 
-0.116361 
0.025430 
0.090123 
0.437603 
0.014322 
-0.125777 
0.041893 
0.149674 
-0.100131 
-0.319967 
0.109791 
-0.089500 
0.003734 
0.074862 
0.044933 
-0.087977 
-0.415735 
0.065220 
-0.287076 
0.468879 
0.187330 
-0.510950 
-0.542119 
-0.157598 
-0.071512 
0.487778 
-0.428214 
-0.475990 
0.031152 
0.007825 
-0.011813 
-0.252949 
-0.547093 
0.332622 
-0.187833 
0.042491 
0.238998 
-0.086865 
-0.033219 
0.303601 
-0.455900 
0.098629 
-0.016122 
-0.490730 
0.029266 
-0.016301 
-0.107730 
0.102314 
-0.074516 
-0.122446 
-0.263797 
-0.119319 
0.074559 
0.240016 
-0.045013 
-0.289611 
0.178435 
0.192898 
0.136051 
0.155668 
-0.352778 
-0.289558 
0.398365 
0.129349 
0.449144 
-0.508686 
-0.856861 
-0.302874 
-0.002680 
0.446540 
-0.287433 
-0.669691 
-0.257956 
0.142519 
0.182964 
-0.216510 
-0.505737 
-0.055913 
0.007880 
0.136035 
0.013989 
-0.156700 
0.053709 
0.171715 
0.121007 
0.216855 
0.061396 
0.150901 
-0.084569 
-0.145953 
-0.012749 
-0.005727 
0.030740 
0.004931 
-0.310472 
-0.057342 
-0.040741 
0.141551 
0.227479 
-0.169940 
-0.106483 
0.162728 
0.012499 
0.089482 
-0.009996 
-0.058107 
0.066858 
0.064174 
-0.017706 
0.052726 
0.224637 
-0.272162 
0.197559 
0.167296 
0.041935 
0.363969 
-0.516317 
-0.206193 
0.190160 
0.418690 
0.232032 
-0.329197 
-0.205233 
0.186475 
0.179277 
-0.003421 
-0.158206 
-0.269094 
0.044737 
0.105479 
-0.253531 
-0.059172 
-0.304900 
0.046508 
0.313168 
-0.079368 
-0.023887 
-0.003438 
-0.074970 
-0.035292 
0.117147 
0.052543 
0.105340 
0.286684 
-0.043704 
-0.224910 
0.207955 
-0.024355 
-0.014356 
0.071897 
0.052074 
0.042900 
-0.138419 
-0.061498 
-0.088767 
0.075874 
0.096140 
-0.047029 
0.047005 
0.153477 
0.147112 
-0.252736 
-0.181953 
0.201629 
0.100390 
0.114683 
-0.318698 
-0.207426 
-0.019562 
-0.004490 
-0.088222 
-0.033950 
-0.314124 
-0.115735 
0.032960 
-0.065701 
-0.079458 
-0.289350 
0.008573 
-0.089448 
-0.087982 
0.019045 
-0.029236 
-0.042740 
-0.220917 
0.049000 
0.083408 
0.196423 
-0.172629 
-0.032688 
-0.060580 
0.105100 
0.207907 
0.137733 
-0.088864 
-0.208672 
-0.087513 
0.081217 
0.444182 
0.013006 
-0.227675 
-0.016384 
-0.027265 
0.064985 
-0.108819 
-0.074227 
-0.080427 
-0.065405 
0.222431 
0.257284 
-0.167591 
-0.177358 
-0.052165 
-0.022267 
0.268306 
-0.068609 
-0.243497 
-0.249335 
-0.393117 
0.363108 
-0.024413 
-0.152868 
-0.161268 
-0.184240 
0.122754 
0.057261 
-0.035480 
-0.209252 
0.053217 
0.057796 
-0.000842 
0.048569 
0.078424 
0.004280 
-0.091002 
-0.160822 
-0.107008 
0.137943 
0.073878 
0.071592 
-0.058900 
-0.124949 
-0.240881 
-0.083869 
-0.066071 
0.137620 
0.054960 
0.062233 
0.048786 
-0.124607 
0.012738 
-0.029972 
-0.015959 
0.046024 
0.039194 
0.051851 
-0.156729 
-0.118279 
-0.013892 
-0.019300 
-0.279317 
0.143101 
0.174289 
0.071861 
-0.278125 
-0.023666 
0.038058 
0.099141 
-0.097827 
-0.141917 
0.390079 
-0.032561 
0.116228 
0.091827 
0.036864 
0.325189 
-0.046632 
0.181575 
0.081322 
0.182118 
-0.135255 
-0.196263 
0.006671 
-0.125230 
0.385294 
-0.054426 
-0.100150 
0.051448 
-0.526424 
-0.112778 
0.616573 
-0.020042 
-0.123593 
-0.070845 
-0.627243 
-0.045831 
0.083114 
-0.207669 
0.124000 
0.205520 
0.078456 
0.019994 
-0.119254 
-0.035295 
-0.068343 
-0.012059 
0.171221 
-0.095604 
0.121582 
0.019166 
0.238226 
0.091215 
0.147110 
-0.150810 
0.054382 
0.404611 
0.170714 
0.032462 
-0.062585 
-0.477802 
-0.021936 
0.303827 
0.050213 
0.182283 
-0.211946 
-0.403974 
0.070745 
0.012005 
0.091846 
-0.083519 
-0.135939 
0.000948 
0.234613 
0.113804 
0.286057 
0.144391 
-0.227404 
-0.347350 
0.098795 
-0.048511 
-0.055582 
-0.202420 
-0.156736 
0.232729 
0.033420 
0.166427 
-0.097377 
-0.165675 
0.061543 
-0.086296 
-0.056813 
-0.092894 
-0.173149 
0.160448 
-0.055771 
0.003615 
-0.053564 
-0.095510 
-0.092581 
0.229318 
0.455612 
0.228570 
0.137558 
-0.362037 
-0.274351 
-0.148726 
-0.291750 
-0.134354 
0.003035 
-0.020974 
0.049871 
0.056873 
-0.026886 
0.055971 
-0.194372 
0.018947 
-0.031137 
-0.030658 
0.100738 
0.115061 
0.128620 
0.054887 
0.106116 
0.192518 
0.087767 
-0.104616 
-0.239587 
-0.276818 
0.120937 
0.067239 
-0.044147 
-0.311491 
-0.253413 
0.201442 
0.034842 
0.028339 
-0.103701 
-0.173513 
0.181740 
-0.043559 
0.042017 
-0.057749 
-0.060010 
0.083378 
-0.071007 
-0.220696 
-0.122800 
0.021755 
0.101444 
0.007519 
0.056649 
0.134716 
0.239835 
-0.138100 
-0.139402 
0.391725 
0.238804 
0.032976 
-0.327727 
-0.166702 
0.140361 
-0.033281 
0.006293 
-0.259474 
-0.393011 
-0.116963 
0.281183 
0.142082 
-0.001977 
-0.119280 
-0.095339 
0.004435 
0.239458 
0.105996 
0.006620 
-0.148425 
-0.136865 
-0.171449 
0.151713 
0.112517 
-0.180378 
-0.305504 
-0.284773 
0.212905 
0.190857 
-0.076257 
-0.210087 
-0.149324 
0.085754 
0.104455 
-0.103932 
-0.289492 
-0.170316 
-0.086378 
-0.135708 
-0.144824 
-0.157848 
0.142719 
-0.266200 
-0.273211 
-0.071509 
-0.015861 
0.160315 
-0.424489 
-0.401857 
-0.070531 
-0.085502 
0.140614 
0.057919 
-0.207660 
-0.042589 
-0.071661 
0.092672 
-0.186385 
-0.339024 
-0.183577 
-0.070149 
0.161389 
0.056204 
-0.240675 
-0.089245 
0.012293 
-0.022039 
0.089831 
-0.106220 
0.085719 
-0.250085 
-0.079968 
0.091205 
-0.060095 
-0.077539 
-0.155191 
0.055822 
0.029526 
0.113794 
0.011923 
0.020328 
-0.030986 
-0.010625 
0.125009 
0.047297 
-0.078324 
-0.087916 
0.191760 
0.089902 
-0.046772 
-0.174057 
-0.136170 
-0.009924 
-0.356123 
-0.352828 
-0.110095 
0.028151 
-0.114550 
-0.199818 
-0.261126 
-0.062090 
0.135860 
-0.043069 
0.017121 
0.044913 
0.175354 
0.153444 
-0.040928 
0.075817 
0.058613 
-0.023195 
0.059746 
-0.043062 
0.244136 
0.113114 
-0.039953 
0.144465 
-0.017550 
-0.196208 
-0.033557 
-0.100270 
0.016817 
-0.183608 
-0.109407 
-0.080490 
-0.282679 
-0.180085 
0.050249 
0.137677 
0.213335 
-0.390811 
-0.152924 
-0.033848 
-0.026626 
0.168111 
-0.358870 
-0.061416 
0.032744 
0.173453 
-0.034473 
-0.325826 
0.018444 
-0.241657 
-0.259015 
-0.077309 
0.055062 
0.149582 
-0.387249 
-0.315780 
-0.271561 
-0.206764 
-0.168107 
0.021118 
-0.023809 
0.222964 
0.268940 
0.049277 
-0.210606 
0.154284 
0.168313 
0.148415 
-0.029094 
-0.066067 
0.043722 
0.404352 
0.346992 
0.074561 
-0.071976 
-0.026858 
-0.197161 
-0.227704 
0.006736 
-0.119225 
0.103304 
-0.047296 
-0.180567 
0.116682 
0.152369 
0.109725 
-0.005672 
-0.258566 
0.026704 
0.039990 
0.138017 
0.057628 
-0.207987 
-0.041467 
-0.126282 
-0.058143 
-0.030084 
-0.166178 
-0.050511 
-0.182707 
-0.099915 
-0.012442 
0.357286 
0.310704 
-0.101593 
-0.289609 
-0.159126 
0.249633 
0.380294 
-0.113183 
-0.192801 
-0.071772 
0.296499 
0.290996 
-0.217508 
-0.398575 
-0.030227 
0.108859 
0.142607 
-0.171780 
-0.387682 
-0.046395 
0.251467 
0.062878 
0.206052 
0.209402 
0.048242 
0.078988 
-0.292159 
0.161846 
0.198203 
0.079136 
-0.275759 
0.019745 
0.153657 
0.080771 
0.002150 
-0.450885 
-0.139032 
0.009049 
-0.310082 
-0.331730 
-0.342115 
-0.138250 
0.034479 
-0.134899 
-0.374637 
-0.241823 
-0.428264 
0.537849 
0.317989 
0.065145 
-0.043657 
-0.164687 
0.521097 
0.211416 
0.112049 
0.111894 
0.471113 
0.008714 
0.048631 
0.079291 
-0.051395 
0.120767 
-0.253547 
0.025038 
-0.047176 
-0.305256 
-0.358780 
-0.084714 
-0.284202 
-0.274501 
-0.052945 
-0.201495 
0.222015 
-0.070337 
-0.171097 
-0.091000 
0.052868 
0.275631 
-0.075457 
-0.071975 
0.154530 
-0.019114 
-0.044679 
0.125502 
-0.140204 
0.080424 
-0.138237 
-0.218735 
-0.179111 
-0.002962 
-0.008702 
-0.148445 
0.123411 
0.072717 
0.115353 
-0.019170 
-0.076693 
0.083159 
-0.390266 
-0.190165 
-0.036460 
-0.153308 
0.133321 
-0.303698 
0.060966 
0.062156 
0.179337 
0.295346 
-0.108095 
0.509614 
0.077090 
0.122264 
0.208681 
0.130315 
0.192797 
-0.171736 
0.093165 
-0.178777 
0.107027 
0.079487 
-0.192627 
-0.225611 
0.178766 
0.038395 
0.003058 
0.027447 
0.124079 
-0.296988 
-0.087860 
0.001350 
-0.178184 
-0.016616 
-0.073939 
-0.169633 
0.104523 
0.014655 
0.044137 
0.138539 
-0.052979 
-0.041041 
-0.075597 
0.107480 
0.220424 
0.231551 
0.197905 
0.001972 
0.177745 
0.149607 
0.186471 
0.038254 
0.006153 
0.155607 
0.037886 
-0.004796 
0.147092 
0.108153 
0.217753 
-0.025576 
-0.102731 
-0.065902 
-0.041948 
-0.005799 
0.268687 
0.010466 
-0.174910 
-0.008748 
0.088233 
-0.001222 
-0.133479 
-0.260337 
-0.175001 
0.204678 
0.186552 
-0.004307 
0.104844 
-0.084518 
0.168286 
-0.102232 
-0.169147 
0.068536 
-0.066264 
0.306278 
0.007862 
-0.213352 
0.017595 
0.018038 
0.182099 
0.059647 
-0.120476 
-0.161621 
0.046743 
0.074181 
0.140154 
0.006075 
0.014273 
-0.019498 
0.218657 
0.053967 
0.112101 
-0.025936 
-0.061383 
-0.126840 
0.355950 
0.373299 
0.246583 
-0.006558 
0.097232 
0.084541 
0.152280 
0.155934 
0.012421 
0.080264 
-0.099799 
-0.174043 
0.071536 
0.117911 
-0.064770 
-0.073456 
-0.172038 
-0.258380 
-0.178966 
-0.263966 
-0.191423 
-0.219181 
0.074490 
0.153117 
0.264156 
-0.268203 
-0.334367 
-0.362213 
-0.328028 
-0.156717 
-0.160079 
-0.415654 
-0.413622 
-0.350477 
-0.043110 
0.153290 
-0.262640 
-0.450045 
-0.355018 
-0.204544 
0.302639 
0.024354 
-0.245758 
-0.126752 
-0.042460 
-0.192663 
-0.095905 
-0.003481 
0.053944 
0.100611 
-0.190600 
0.017161 
-0.029467 
-0.073997 
-0.086706 
-0.129411 
-0.073172 
-0.087624 
-0.056011 
0.159021 
0.045460 
-0.127674 
-0.006034 
-0.027661 
-0.172884 
0.125865 
-0.249352 
-0.028455 
-0.084164 
-0.110946 
0.176546 
0.276572 
0.178365 
-0.042769 
-0.063413 
-0.120698 
-0.054707 
-0.285003 
-0.254847 
-0.115612 
-0.349149 
-0.113452 
-0.138810 
0.027355 
0.207266 
-0.045483 
0.056900 
-0.169056 
-0.188397 
0.059389 
0.102097 
0.073314 
-0.054112 
-0.111451 
0.108485 
-0.094253 
-0.183680 
-0.090911 
-0.090344 
-0.089499 
0.075385 
-0.173752 
-0.093090 
-0.013034 
0.079504 
0.182374 
-0.174968 
-0.338000 
0.043221 
0.164621 
0.050766 
0.112039 
-0.200126 
-0.178751 
0.009671 
0.070522 
0.023341 
0.126495 
-0.026652 
0.056284 
0.012055 
-0.065379 
-0.031911 
0.163359 
0.071464 
-0.043180 
-0.229518 
-0.104917 
-0.023257 
0.038395 
0.241187 
0.134128 
-0.177006 
-0.127379 
-0.043175 
-0.099933 
0.242486 
0.106118 
-0.116097 
0.108017 
-0.028129 
0.109775 
0.169392 
0.111971 
0.323349 
-0.187417 
-0.236085 
0.010184 
-0.071216 
0.138220 
0.152417 
-0.034431 
-0.209224 
-0.021947 
0.306484 
0.158366 
0.120069 
0.129744 
-0.196199 
0.002610 
0.021234 
0.048370 
0.170519 
0.021108 
-0.084271 
0.315062 
-0.065117 
0.068187 
-0.088162 
0.099752 
0.320682 
0.208151 
0.091264 
-0.078227 
0.033568 
-0.053420 
0.116883 
0.140840 
0.060094 
0.018604 
-0.395415 
-0.281392 
-0.257848 
-0.147043 
-0.042699 
-0.003299 
-0.042167 
-0.153428 
-0.180778 
-0.152342 
0.119957 
0.312503 
0.055741 
-0.210991 
-0.091840 
0.212629 
0.102143 
0.160627 
0.265505 
0.130521 
-0.165775 
-0.188840 
-0.113349 
-0.224064 
-0.209285 
-0.151928 
-0.136639 
-0.179303 
-0.100492 
0.095831 
0.140828 
0.044449 
-0.050837 
0.064292 
-0.105109 
-0.197764 
-0.028573 
0.014294 
0.214700 
-0.047532 
0.024713 
-0.265806 
-0.174026 
-0.106162 
0.040628 
-0.413480 
-0.668736 
-0.447450 
-0.275219 
-0.164756 
-0.126655 
-0.462136 
-0.460454 
-0.346570 
-0.051251 
0.148276 
-0.102501 
-0.181657 
-0.212525 
0.093303 
0.179593 
0.073020 
0.069873 
0.091505 
0.130426 
-0.140427 
-0.099416 
0.393177 
0.113053 
0.078823 
-0.047410 
-0.384054 
-0.383104 
-0.282560 
-0.129601 
0.043067 
-0.519260 
-0.544735 
-0.424080 
-0.086114 
0.367977 
-0.235490 
-0.342966 
-0.285551 
0.129940 
0.334114 
0.336546 
0.020632 
0.071643 
0.073395 
0.168510 
0.267262 
0.406828 
0.098744 
0.237310 
-0.094220 
-0.081898 
0.242460 
0.024915 
0.096893 
0.292201 
-0.263655 
-0.311370 
-0.277032 
-0.144559 
-0.155749 
0.140552 
-0.070139 
-0.230590 
-0.136162 
-0.132472 
-0.262080 
0.037765 
0.104386 
0.090133 
-0.372370 
-0.411710 
-0.120677 
-0.158344 
-0.078536 
0.083526 
-0.286744 
-0.420099 
-0.184709 
-0.050314 
0.151721 
0.213406 
-0.059213 
-0.238420 
0.176636 
-0.177800 
0.212167 
0.389001 
-0.147487 
-0.002629 
-0.037813 
0.101373 
0.108762 
-0.092986 
0.229231 
-0.033286 
0.022530 
0.077294 
-0.102486 
0.068426 
0.174136 
0.081157 
0.063462 
-0.064072 
0.078687 
0.106243 
-0.103492 
-0.077140 
-0.258581 
0.079624 
-0.095579 
-0.064431 
-0.050150 
-0.272060 
-0.031999 
0.034795 
-0.120108 
-0.180636 
-0.306103 
0.136331 
-0.171461 
0.047664 
-0.129138 
-0.224525 
0.091222 
-0.285314 
-0.128292 
-0.313097 
-0.088364 
-0.065213 
0.281674 
0.044744 
0.092585 
-0.066047 
-0.349527 
0.118960 
0.136352 
0.223493 
0.236453 
-0.168935 
-0.083760 
0.055603 
0.339307 
0.128888 
-0.020507 
-0.028146 
-0.011079 
0.038635 
-0.012810 
-0.162585 
0.298329 
0.077741 
0.400842 
0.365336 
0.028847 
0.102281 
0.180256 
0.336652 
0.315449 
-0.061113 
-0.201032 
-0.080578 
0.006605 
-0.039468 
-0.058468 
-0.240301 
-0.104802 
0.138345 
-0.116766 
0.115224 
0.075592 
0.056400 
0.086869 
0.029366 
-0.229467 
-0.221460 
-0.175800 
-0.072379 
-0.308287 
-0.378172 
-0.036827 
0.083759 
-0.142490 
-0.240100 
-0.296084 
0.144565 
0.173235 
0.129224 
0.113048 
-0.304128 
0.201206 
0.353854 
0.318989 
0.341842 
0.122518 
0.042107 
-0.029626 
0.024127 
0.125733 
0.213871 
0.185001 
-0.026252 
0.159496 
0.006206 
0.080935 
0.085529 
0.106613 
0.051560 
0.146549 
0.001007 
0.035897 
-0.254825 
-0.218712 
-0.184703 
-0.030664 
-0.020720 
-0.096212 
-0.128567 
-0.318172 
0.006983 
0.143615 
0.272403 
0.164445 
-0.103704 
0.119841 
0.327176 
0.205470 
0.240664 
-0.179602 
-0.035227 
0.225395 
0.277596 
0.253904 
-0.201831 
-0.156242 
0.289562 
0.203542 
0.281844 
-0.014397 
-0.162845 
0.018637 
0.193042 
0.159992 
0.024491 
-0.181307 
0.315995 
0.093453 
0.088433 
-0.021298 
0.148407 
0.268842 
0.169196 
0.001993 
0.109976 
0.477622 
0.243503 
-0.053277 
-0.129116 
-0.143388 
0.346056 
-0.265275 
-0.226912 
-0.333592 
-0.257646 
-0.045206 
-0.170876 
-0.231413 
-0.483410 
-0.162677 
-0.103165 
-0.243776 
-0.137212 
-0.082475 
0.116347 
0.100602 
-0.327302 
-0.287389 
-0.233849 
0.239668 
0.135290 
0.029653 
-0.163236 
-0.078884 
0.044137 
0.198608 
0.038120 
-0.332960 
-0.220074 
0.172615 
0.161760 
0.066903 
-0.010327 
0.083319 
0.009744 
-0.002351 
-0.039855 
-0.152824 
-0.148756 
-0.024660 
0.178459 
-0.007574 
0.121983 
-0.069067 
-0.068123 
0.019673 
0.137810 
0.109246 
-0.238891 
-0.090296 
0.006825 
0.043140 
-0.201213 
-0.343600 
0.164750 
0.036672 
-0.041252 
0.055437 
-0.107410 
-0.301459 
-0.112631 
-0.377318 
-0.072479 
0.121276 
-0.085187 
-0.204462 
-0.238688 
-0.129874 
0.058229 
-0.062401 
-0.233050 
0.344470 
0.287888 
0.202946 
0.017329 
-0.188350 
0.257793 
0.159241 
0.214838 
0.102122 
-0.249484 
-0.124688 
0.195712 
0.192125 
-0.085076 
-0.146283 
-0.013954 
-0.031735 
-0.027551 
-0.027538 
0.071915 
0.029533 
0.018654 
-0.030107 
0.190049 
0.232569 
0.096575 
0.123839 
-0.224650 
-0.028918 
0.090909 
0.007754 
0.014605 
-0.041652 
0.020144 
-0.015122 
-0.006960 
-0.078933 
-0.231462 
-0.108082 
-0.155662 
-0.133298 
-0.226993 
-0.412629 
0.051846 
0.067585 
-0.148509 
-0.299382 
-0.355784 
-0.020267 
0.012916 
-0.174885 
-0.337121 
-0.509021 
0.032550 
-0.032083 
0.067033 
-0.270028 
-0.179430 
0.070278 
-0.028670 
0.543986 
0.021867 
-0.044115 
0.177424 
0.240475 
-0.075717 
-0.071587 
0.059269 
0.009227 
-0.014042 
0.035556 
0.129919 
0.019361 
0.182256 
0.107732 
-0.213463 
-0.208842 
-0.172237 
0.165514 
0.249244 
-0.207686 
-0.554524 
-0.591045 
-0.205393 
0.209503 
0.009103 
-0.283761 
-0.213259 
0.066714 
0.124770 
-0.073134 
0.080483 
-0.058426 
0.158545 
0.106407 
0.079768 
0.147018 
0.180310 
0.399728 
0.057203 
-0.140596 
-0.044141 
-0.054283 
0.163122 
0.105909 
-0.278081 
-0.508302 
-0.430578 
-0.123820 
-0.109654 
0.020981 
-0.154290 
0.063370 
0.032034 
0.108600 
0.098682 
-0.154595 
-0.218433 
-0.131288 
0.480694 
-0.051774 
-0.155197 
0.081431 
-0.160306 
0.300170 
-0.088817 
-0.166800 
-0.092691 
-0.230980 
-0.030064 
-0.087606 
-0.132324 
-0.244231 
-0.317987 
-0.080731 
0.377012 
0.054891 
0.278282 
0.147162 
0.070217 
0.047352 
0.058198 
-0.033811 
0.175421 
0.078827 
-0.048053 
0.166037 
-0.072889 
0.028281 
0.050791 
-0.061030 
-0.207762 
-0.196255 
-0.119960 
0.077975 
-0.301761 
-0.493620 
-0.363089 
-0.098386 
-0.009852 
-0.246477 
-0.132244 
-0.326780 
0.123341 
-0.068707 
0.091416 
0.309518 
0.270847 
-0.171628 
-0.065777 
0.068635 
0.186914 
-0.021822 
-0.161409 
-0.023468 
-0.045358 
-0.146732 
-0.270157 
-0.663721 
-0.374664 
-0.069859 
-0.124063 
-0.194962 
-0.235115 
0.008960 
0.229576 
0.061705 
0.097105 
0.076989 
0.151841 
0.369266 
0.244518 
-0.162413 
-0.392824 
-0.194222 
-0.006749 
0.188548 
0.196703 
0.086795 
-0.007478 
-0.035174 
0.067599 
0.046420 
0.160082 
0.039939 
0.056574 
-0.115378 
-0.023251 
0.227880 
0.446650 
0.039372 
-0.145591 
-0.144465 
-0.157670 
-0.175758 
-0.044962 
-0.179518 
-0.092129 
0.072312 
-0.012876 
-0.180242 
-0.314109 
-0.157441 
-0.309809 
-0.203656 
-0.056533 
0.062338 
-0.087807 
-0.497763 
-0.432897 
0.282634 
0.125799 
-0.121848 
-0.213907 
-0.158773 
0.168821 
0.099263 
0.192930 
0.042324 
0.259718 
0.141217 
0.028637 
-0.115390 
-0.111575 
-0.053287 
0.237973 
-0.198383 
-0.294869 
0.189533 
0.116394 
-0.198662 
0.113408 
0.135759 
0.516643 
0.536590 
0.032046 
-0.004246 
0.031138 
0.012981 
0.319624 
0.225189 
-0.087715 
-0.181114 
0.124310 
0.306005 
0.197294 
-0.094163 
0.042803 
-0.086736 
0.071523 
-0.229361 
-0.415820 
-0.400576 
-0.572710 
-0.132235 
-0.026039 
-0.061120 
-0.275672 
-0.391152 
0.004624 
0.043273 
0.166010 
0.004366 
-0.082299 
0.101090 
-0.170382 
-0.114897 
0.075395 
0.163420 
0.365350 
-0.134065 
0.015632 
-0.038800 
-0.075503 
0.088885 
-0.207579 
-0.056838 
0.193624 
0.193278 
0.218102 
-0.238179 
-0.100498 
0.195950 
0.249006 
-0.064555 
-0.158684 
-0.044713 
0.087386 
0.140053 
-0.034021 
-0.132542 
-0.117087 
-0.090807 
-0.047844 
-0.241827 
-0.302287 
-0.172965 
-0.124539 
0.139947 
0.280930 
0.039760 
-0.244281 
-0.287106 
-0.291241 
-0.227632 
-0.031028 
0.062614 
0.022489 
-0.425710 
-0.161123 
0.151810 
0.240374 
0.078764 
-0.134737 
-0.012906 
-0.128707 
-0.196376 
-0.207753 
-0.021768 
0.380879 
-0.016149 
-0.266563 
-0.083501 
-0.058968 
0.082047 
-0.080811 
-0.135501 
-0.331595 
-0.156374 
0.311360 
0.145670 
0.331387 
0.553389 
-0.054731 
0.162121 
0.224183 
0.275535 
0.402661 
-0.126360 
-0.197013 
0.123185 
0.030014 
-0.102782 
-0.144819 
-0.200683 
0.358369 
0.062572 
0.012349 
-0.007208 
0.213775 
0.029899 
-0.001342 
-0.100745 
-0.006099 
0.288229 
0.008379 
-0.306192 
0.028530 
0.113683 
-0.170560 
0.282525 
0.027090 
0.420343 
0.163550 
0.042226 
0.198604 
-0.082724 
-0.100088 
-0.228144 
-0.128334 
0.463938 
0.067516 
-0.086163 
-0.144714 
-0.026017 
0.078693 
-0.173133 
0.041185 
0.098059 
0.580184 
0.090353 
-0.122203 
-0.096440 
-0.005815 
0.167124 
0.107680 
0.012679 
0.194879 
0.250577 
-0.084277 
0.082651 
0.038420 
-0.051497 
0.042497 
-0.078556 
-0.229368 
-0.026932 
0.058568 
-0.056394 
-0.056327 
-0.132015 
-0.129913 
-0.154221 
-0.041524 
-0.060770 
0.414602 
0.077394 
-0.249316 
-0.071346 
-0.138241 
0.166761 
0.162094 
0.074537 
0.263986 
0.106384 
0.395037 
0.174259 
-0.043984 
-0.185908 
0.098991 
0.259695 
-0.173116 
-0.247738 
0.040426 
0.020259 
0.084057 
0.364265 
0.589936 
0.308795 
-0.060598 
0.062212 
0.315577 
-0.057695 
-0.155385 
-0.327901 
-0.191268 
-0.376832 
-0.637679 
-0.285817 
0.041194 
-0.203240 
-0.022248 
0.015094 
-0.066393 
-0.042667 
0.045320 
0.094284 
-0.022852 
0.061309 
0.346209 
0.093575 
-0.120420 
-0.025428 
-0.352697 
-0.342233 
-0.030247 
0.075877 
-0.108354 
-0.672851 
-0.311052 
-0.171441 
-0.418641 
-0.504702 
-0.420534 
-0.145978 
0.113165 
-0.051720 
0.037959 
0.021685 
0.247623 
0.243231 
-0.267254 
-0.264311 
0.039604 
0.058008 
0.106923 
-0.152422 
0.243943 
-0.376932 
-0.545324 
0.017393 
0.358871 
0.247523 
-0.698981 
-0.156121 
0.072812 
-0.339255 
-0.414988 
-0.348577 
0.457325 
0.324337 
-0.104650 
-0.001270 
0.343027 
0.233406 
-0.182218 
-0.055719 
0.236002 
0.087064 
0.309621 
0.003718 
0.070792 
0.069415 
-0.126583 
0.047599 
0.044027 
-0.215168 
-0.268850 
-0.345509 
-0.446674 
0.128110 
0.177545 
0.214326 
0.389186 
0.181746 
-0.099183 
0.148661 
0.221760 
0.151371 
0.303790 
0.043970 
-0.076574 
0.158468 
0.071695 
0.146763 
-0.052674 
-0.376095 
-0.353776 
-0.452941 
0.012114 
0.063199 
-0.031108 
-0.362575 
-0.530380 
-0.259505 
0.099379 
0.083281 
0.230344 
-0.121485 
-0.396633 
0.183755 
-0.145769 
0.065570 
-0.034582 
0.337656 
0.186419 
-0.104361 
-0.038336 
-0.111082 
-0.156658 
0.239427 
-0.118086 
-0.115762 
-0.156955 
-0.070499 
0.047527 
-0.104039 
0.112165 
-0.197884 
0.061707 
0.045915 
-0.041102 
-0.031528 
-0.187331 
-0.018675 
-0.011579 
0.052209 
0.129540 
0.025190 
-0.028590 
0.038359 
-0.018490 
0.031631 
-0.006064 
0.274943 
-0.028177 
-0.319318 
-0.348197 
-0.192057 
-0.378370 
0.064881 
-0.216804 
-0.384599 
-0.180339 
-0.196515 
-0.187156 
-0.222060 
-0.383885 
-0.309614 
-0.167928 
0.001008 
0.022874 
0.111290 
-0.291347 
-0.099477 
0.051970 
0.120809 
0.043905 
0.022069 
0.038440 
0.057920 
-0.062610 
0.060493 
0.195399 
0.096101 
0.285847 
0.069345 
0.192104 
0.055588 
0.102608 
0.153391 
-0.041795 
0.111752 
-0.015173 
-0.010618 
-0.033294 
0.045841 
0.067831 
-0.002628 
-0.074044 
-0.026318 
0.048555 
0.105846 
-0.091048 
0.021416 
0.041657 
-0.141810 
-0.432007 
-0.263661 
0.072971 
-0.087203 
-0.182289 
-0.641511 
-0.519628 
-0.225969 
0.021189 
-0.097123 
-0.564898 
-0.293945 
-0.412390 
-0.134763 
-0.373273 
-0.349776 
-0.243650 
-0.106347 
-0.136782 
0.011345 
0.054967 
0.040624 
-0.019341 
-0.079030 
-0.048190 
0.058303 
0.119204 
-0.248949 
-0.073000 
-0.082230 
0.047633 
0.054355 
-0.061894 
-0.117797 
-0.060707 
-0.038927 
0.193618 
0.085985 
0.081396 
0.010762 
-0.057437 
0.036973 
0.109582 
0.031941 
-0.149818 
-0.034668 
-0.157004 
0.313554 
-0.063791 
-0.599862 
-0.725192 
-0.527414 
-0.034246 
0.058671 
-0.346032 
-0.531904 
-0.574006 
-0.045464 
0.179993 
-0.459489 
-0.416920 
-0.398896 
0.112734 
-0.011272 
0.080468 
-0.012726 
-0.169618 
0.153309 
0.080553 
0.104874 
0.167390 
-0.089761 
0.145357 
-0.084193 
-0.116270 
0.036884 
-0.017390 
0.163065 
-0.050446 
-0.086052 
-0.061479 
0.070792 
0.014252 
-0.128711 
0.088991 
-0.041864 
0.085381 
0.129001 
0.006427 
-0.048982 
-0.039303 
0.114215 
0.121442 
-0.116022 
-0.061940 
0.018549 
0.023009 
0.004939 
0.152866 
-0.249957 
-0.157474 
-0.234117 
0.122762 
0.277758 
0.003744 
-0.219528 
-0.119617 
0.048856 
0.095666 
-0.005222 
-0.219988 
-0.142503 
0.293518 
0.117167 
0.111516 
0.049024 
0.036119 
0.196252 
-0.107294 
-0.067588 
0.054546 
-0.100109 
0.226341 
-0.043844 
0.036721 
0.079316 
-0.106062 
0.050798 
0.115767 
0.099040 
-0.097868 
-0.118365 
0.128622 
-0.031601 
0.066234 
-0.094536 
-0.131710 
0.161382 
0.021802 
0.064088 
0.002943 
0.003979 
0.247082 
-0.059489 
-0.209697 
-0.177972 
-0.090417 
0.100702 
0.119513 
-0.268131 
-0.346865 
-0.276253 
-0.048349 
0.145717 
-0.085244 
-0.209168 
-0.289081 
-0.036429 
0.176875 
-0.041487 
-0.041052 
-0.226986 
0.169456 
-0.016480 
0.102206 
0.228920 
0.050597 
0.037708 
-0.018968 
0.120556 
-0.132016 
-0.073422 
0.076232 
0.134180 
0.277034 
-0.038134 
-0.025353 
0.184074 
0.090590 
0.061613 
-0.042111 
-0.134483 
0.214674 
-0.080702 
0.032433 
-0.206127 
-0.183450 
0.137000 
0.059425 
0.080867 
-0.223962 
-0.008424 
0.294708 
0.123305 
0.135419 
0.055077 
-0.028663 
0.082776 
-0.055722 
-0.087008 
-0.083761 
-0.211433 
-0.183590 
-0.054164 
0.080317 
0.011897 
-0.225158 
-0.205212 
-0.085538 
0.001890 
-0.101506 
-0.238624 
-0.265888 
-0.126126 
0.175104 
0.410051 
0.279628 
0.238567 
0.049506 
0.164419 
-0.011484 
-0.032135 
0.213576 
0.015106 
0.080646 
-0.045562 
0.026217 
0.137020 
0.224461 
0.151144 
0.150396 
0.367171 
0.127671 
0.182827 
0.075003 
0.038122 
0.104670 
0.021714 
0.241596 
0.058049 
0.191089 
-0.163400 
-0.087740 
0.062774 
-0.039625 
0.024200 
0.115699 
0.401139 
-0.040428 
-0.017929 
-0.022604 
-0.015229 
0.026218 
0.252114 
0.063811 
0.065665 
-0.081721 
-0.038487 
0.134512 
-0.020374 
0.035255 
0.142956 
0.040418 
-0.171448 
-0.074766 
0.081116 
0.023824 
0.275789 
0.124169 
-0.102185 
-0.188787 
0.064569 
0.167588 
-0.029527 
-0.219163 
-0.096551 
-0.114258 
0.030743 
0.050224 
-0.279933 
-0.067474 
-0.205710 
-0.038872 
0.021216 
-0.171537 
0.001210 
0.010637 
0.190616 
0.017245 
-0.041814 
0.062487 
0.145528 
0.248498 
-0.058077 
-0.128220 
0.095391 
0.040988 
-0.102161 
0.028979 
-0.134093 
-0.094550 
0.210983 
0.116244 
-0.099431 
0.074878 
0.003933 
0.175752 
0.274881 
-0.092580 
0.025592 
0.137742 
0.039151 
0.333675 
0.055279 
0.084977 
0.064637 
-0.186158 
0.086496 
-0.201852 
-0.205411 
0.005538 
0.239576 
0.262846 
-0.339396 
-0.126748 
0.049499 
0.090403 
0.198806 
-0.142642 
-0.116183 
-0.042453 
-0.250261 
0.069506 
-0.140969 
-0.128882 
0.041257 
-0.077373 
-0.078150 
-0.033136 
-0.045855 
-0.043892 
-0.066094 
0.050345 
0.181465 
-0.063170 
-0.067888 
-0.256433 
-0.240464 
0.266027 
-0.035664 
0.145276 
0.267717 
-0.208199 
0.034260 
0.067293 
-0.011890 
0.311316 
0.267405 
-0.076712 
-0.146062 
-0.065428 
-0.163044 
-0.156138 
-0.102148 
-0.156145 
-0.171924 
-0.285569 
-0.221602 
0.004501 
0.225307 
0.148323 
-0.070591 
-0.012818 
-0.132272 
0.089771 
0.199622 
-0.047330 
-0.153426 
-0.298872 
-0.230119 
-0.208659 
-0.205654 
-0.158098 
-0.134391 
0.069055 
0.078916 
-0.000119 
0.056856 
0.025567 
0.294990 
0.292368 
0.054728 
0.171318 
-0.010713 
-0.035170 
-0.175671 
-0.020228 
-0.279092 
-0.125962 
-0.131087 
0.027864 
-0.062083 
-0.280202 
-0.144481 
-0.096098 
-0.325808 
0.119812 
0.431000 
0.085174 
-0.233759 
0.191694 
0.299712 
0.197998 
0.290352 
0.159691 
0.135889 
-0.033854 
-0.191756 
-0.154820 
0.342538 
0.066411 
0.166771 
-0.019072 
-0.386090 
0.157102 
0.181655 
0.207169 
0.096165 
-0.557388 
-0.346127 
-0.301357 
-0.180657 
-0.324120 
-0.503426 
-0.160328 
-0.108011 
-0.022589 
-0.121212 
-0.262118 
0.008057 
0.190011 
0.154860 
0.216500 
-0.113170 
-0.063663 
0.051626 
0.175710 
-0.123827 
-0.394218 
-0.175665 
0.134893 
0.227386 
0.227019 
-0.435290 
-0.032815 
0.286655 
0.275151 
0.099821 
-0.183384 
-0.135733 
0.207714 
0.082327 
0.180203 
-0.057679 
-0.018530 
-0.035112 
0.032994 
0.037032 
-0.151076 
-0.141601 
-0.062175 
-0.175152 
0.107471 
-0.020661 
-0.182495 
-0.180560 
-0.258080 
-0.067801 
-0.028464 
-0.209830 
-0.156719 
-0.319278 
-0.156962 
-0.103828 
-0.174497 
-0.140245 
-0.104005 
-0.063548 
-0.108385 
0.007964 
0.043665 
0.148813 
0.320550 
-0.112191 
-0.158485 
-0.332057 
-0.481249 
-0.224795 
0.037668 
0.277262 
0.107143 
-0.246318 
-0.402744 
-0.020417 
0.029123 
0.349472 
0.183077 
0.056652 
-0.177988 
-0.171028 
0.126681 
0.104775 
0.213667 
0.113596 
-0.055383 
0.115392 
-0.050798 
-0.015721 
-0.199863 
0.041860 
-0.140274 
-0.203083 
-0.214891 
0.031426 
0.139583 
0.128903 
-0.061239 
-0.113544 
-0.178315 
-0.071353 
0.245634 
0.282348 
-0.117396 
-0.299604 
-0.308842 
-0.333620 
-0.158363 
0.003490 
-0.119310 
0.119011 
0.396119 
0.010518 
-0.036140 
0.407045 
0.141387 
-0.236851 
-0.217258 
-0.200763 
-0.183599 
0.118688 
0.413736 
-0.034474 
-0.298595 
-0.089723 
-0.046244 
-0.118246 
0.218122 
0.366023 
0.103460 
-0.106424 
-0.151093 
-0.094757 
0.132096 
0.095831 
-0.066433 
-0.083300 
-0.094155 
-0.174489 
-0.097635 
0.064285 
0.158137 
-0.099482 
-0.198654 
-0.197987 
0.151975 
0.177193 
0.206497 
0.151513 
-0.095270 
-0.110147 
-0.273031 
-0.310218 
-0.231626 
-0.455257 
-0.203100 
-0.220647 
-0.005262 
0.027488 
0.059094 
0.332070 
0.228097 
0.205413 
0.198918 
0.102167 
-0.015351 
-0.183294 
0.000117 
-0.001069 
0.052021 
-0.034448 
-0.229742 
0.051265 
0.109106 
0.437858 
0.214760 
-0.168828 
-0.259486 
-0.268605 
0.398488 
0.370754 
0.060774 
-0.164247 
-0.141517 
0.104553 
0.210095 
-0.254381 
-0.126430 
0.003773 
-0.068699 
0.006222 
0.311681 
0.124786 
0.212820 
-0.161314 
-0.227369 
0.149643 
0.375860 
0.271099 
-0.180830 
-0.489541 
-0.063155 
-0.096558 
-0.182647 
-0.353919 
-0.331001 
-0.038530 
-0.084515 
-0.225150 
-0.178581 
-0.038169 
-0.100256 
-0.125922 
-0.169410 
0.249613 
0.715824 
0.570330 
0.247513 
0.048207 
-0.251672 
-0.154506 
0.018951 
-0.070690 
-0.022761 
-0.620844 
-0.408973 
-0.413913 
-0.177692 
-0.266388 
-0.307145 
0.183769 
0.183935 
0.007280 
-0.254382 
0.105128 
0.129521 
0.064926 
0.326056 
-0.107814 
-0.044633 
0.111877 
0.017890 
-0.397575 
-0.243646 
0.109071 
-0.007204 
0.150946 
-0.122260 
-0.102690 
0.106334 
0.373291 
0.287216 
-0.088180 
-0.150509 
-0.274811 
-0.055501 
0.148559 
-0.134654 
0.047473 
0.123829 
-0.040481 
-0.007832 
-0.313274 
-0.041879 
0.076897 
-0.094809 
-0.089555 
-0.150287 
0.024686 
0.091158 
0.368939 
0.294306 
-0.278303 
-0.082223 
-0.167424 
-0.004302 
-0.116605 
-0.236013 
-0.342479 
-0.132767 
-0.086300 
-0.114425 
-0.163988 
-0.039875 
-0.049760 
0.137128 
0.218753 
0.283746 
-0.005688 
-0.007569 
-0.080943 
-0.108172 
0.034957 
0.034509 
-0.160070 
-0.249484 
-0.033796 
0.002857 
0.142829 
-0.070106 
-0.228200 
-0.084666 
0.170333 
0.097223 
0.085008 
-0.193164 
0.008758 
0.055692 
0.002266 
-0.022594 
-0.054833 
0.028324 
0.131714 
0.074992 
0.197953 
0.011285 
-0.225026 
-0.159811 
-0.061132 
0.333509 
-0.143358 
-0.164781 
0.010606 
-0.074092 
0.033833 
-0.021002 
-0.182199 
-0.089178 
-0.059171 
-0.067754 
0.044258 
0.180103 
0.089738 
0.048055 
0.115632 
0.065233 
0.141982 
-0.053831 
0.186415 
-0.181686 
-0.323056 
-0.067878 
-0.111686 
0.026427 
-0.214847 
-0.297901 
0.021674 
-0.168395 
-0.169596 
-0.239857 
-0.157073 
0.112464 
-0.203461 
-0.054864 
-0.223780 
-0.067718 
-0.051473 
-0.131106 
0.157556 
-0.026233 
0.018444 
-0.018034 
0.008926 
0.497780 
-0.024429 
-0.150757 
-0.096892 
-0.016522 
0.099964 
0.035241 
-0.199562 
0.099537 
-0.006959 
0.173490 
0.181086 
-0.202064 
-0.052160 
0.287925 
0.136709 
0.056579 
0.191436 
0.081760 
-0.064328 
0.122503 
0.191323 
0.099519 
-0.149079 
0.054207 
0.110678 
0.043786 
0.041187 
0.099892 
0.034934 
0.200662 
0.203749 
0.244207 
0.181790 
0.033769 
0.085224 
0.220010 
0.254056 
-0.042218 
-0.078614 
0.033557 
-0.276925 
-0.159477 
-0.169051 
-0.194215 
-0.176505 
-0.319336 
-0.207083 
-0.223306 
-0.057251 
0.066762 
-0.094040 
-0.375762 
-0.184871 
-0.087131 
0.010228 
-0.193375 
-0.376426 
-0.203535 
-0.147241 
0.069434 
0.045718 
-0.286146 
-0.163024 
-0.043822 
0.080392 
-0.060566 
-0.480007 
-0.213703 
-0.192699 
0.090192 
-0.206791 
-0.021165 
-0.111021 
-0.227212 
0.123492 
0.128086 
0.131421 
-0.113195 
-0.276030 
-0.275573 
-0.000509 
-0.211355 
-0.137996 
-0.215162 
-0.191567 
-0.254464 
-0.195165 
0.024870 
0.120291 
0.082436 
-0.352335 
-0.181249 
0.061003 
0.028503 
0.039030 
-0.194114 
-0.008500 
-0.040354 
0.007748 
0.047756 
-0.190973 
-0.109970 
-0.032170 
-0.040010 
-0.064212 
-0.015858 
0.186095 
-0.170382 
-0.178459 
0.040414 
0.134305 
0.040043 
-0.373334 
-0.068874 
0.068492 
0.241606 
0.117949 
0.186323 
0.113532 
0.042994 
0.361967 
0.240229 
0.268293 
0.130055 
0.124379 
0.087556 
-0.133637 
-0.072632 
0.102708 
0.116012 
0.225766 
0.057776 
-0.094973 
0.122944 
-0.043990 
0.132430 
-0.063030 
0.033318 
0.116335 
0.110640 
-0.045344 
-0.157363 
-0.131047 
-0.120719 
0.024911 
0.039222 
-0.265422 
0.058449 
-0.025883 
-0.105064 
-0.250523 
-0.098814 
0.174144 
-0.044138 
-0.133282 
-0.126999 
-0.078996 
0.076059 
-0.038513 
0.048904 
0.007560 
0.135792 
-0.134225 
-0.200626 
0.242844 
0.036031 
0.012099 
-0.062672 
-0.076268 
-0.146657 
0.314989 
0.137359 
-0.012811 
0.087393 
0.069295 
-0.176783 
-0.188845 
-0.044589 
0.071320 
0.083733 
-0.199938 
-0.191441 
-0.122977 
-0.019710 
0.118051 
-0.046108 
-0.156395 
-0.006495 
0.011678 
0.146979 
-0.265598 
-0.027406 
0.139360 
-0.014988 
-0.023459 
0.098066 
0.324946 
0.244140 
0.140514 
0.008760 
0.181033 
0.240714 
-0.157722 
-0.361952 
-0.079063 
0.259137 
0.065992 
-0.080127 
-0.251924 
-0.057448 
0.091226 
-0.111810 
0.006945 
0.151547 
-0.076368 
-0.127636 
-0.006801 
0.100867 
0.011833 
0.009157 
0.100910 
0.145742 
0.086112 
-0.050095 
0.016348 
0.141280 
-0.022059 
-0.147226 
-0.356926 
0.076229 
0.013601 
-0.090796 
0.008615 
0.109290 
-0.116200 
-0.348205 
-0.138406 
0.184102 
0.320958 
-0.101344 
-0.139591 
-0.225833 
0.071255 
-0.110201 
0.193894 
0.059408 
0.086347 
0.123852 
0.148019 
0.355265 
-0.028563 
-0.241209 
0.078051 
-0.094427 
-0.189124 
-0.084730 
-0.038190 
0.324026 
-0.069513 
-0.072749 
0.026571 
0.322353 
0.169804 
0.044570 
0.217259 
0.101012 
0.045950 
-0.215511 
0.087028 
0.299177 
0.051871 
-0.020198 
-0.027616 
0.171061 
0.196419 
0.149677 
0.086484 
0.068754 
-0.038955 
0.103366 
-0.062233 
0.013816 
-0.006471 
-0.124679 
-0.064372 
0.073794 
0.136889 
-0.165990 
-0.008567 
-0.014876 
0.168890 
0.256564 
-0.223127 
-0.011974 
-0.158518 
0.153274 
-0.268394 
-0.189697 
-0.130332 
-0.237871 
0.009095 
0.061255 
0.232758 
0.203935 
-0.081880 
-0.290313 
-0.010647 
0.074196 
-0.115034 
-0.004838 
-0.050717 
-0.006060 
-0.149193 
-0.231458 
-0.100775 
-0.028464 
0.006479 
-0.068127 
-0.072408 
-0.004305 
-0.014301 
-0.013188 
0.060543 
0.216988 
0.155438 
0.104139 
-0.411433 
0.128698 
-0.158671 
-0.035666 
0.223940 
-0.012129 
0.300715 
-0.034724 
-0.025006 
0.088980 
-0.142804 
0.201277 
-0.063630 
-0.166114 
-0.044420 
-0.158650 
-0.030621 
-0.042752 
-0.061515 
0.042271 
-0.013445 
0.187536 
-0.080953 
-0.142179 
0.165105 
0.102718 
0.022994 
0.151660 
-0.016606 
-0.051476 
-0.119740 
-0.125657 
-0.057587 
0.059594 
0.021057 
0.005108 
0.070070 
0.128345 
0.326222 
-0.240652 
-0.396060 
-0.468725 
-0.256575 
-0.182168 
0.092161 
-0.146894 
-0.049559 
-0.088992 
0.175095 
0.104331 
0.045786 
-0.053539 
0.081775 
-0.066024 
0.098939 
0.211068 
0.127135 
-0.046633 
-0.025813 
0.189692 
0.143405 
0.192799 
0.037344 
0.062570 
0.047725 
0.024074 
-0.084408 
0.080297 
0.046156 
0.014689 
0.029874 
-0.022414 
0.072622 
-0.003197 
0.194574 
-0.030560 
0.091575 
0.053367 
-0.151661 
-0.059892 
-0.034120 
-0.052734 
-0.107272 
-0.198668 
-0.191993 
-0.208817 
-0.206248 
-0.035154 
-0.253960 
0.111593 
0.040746 
-0.010320 
0.100882 
0.035236 
-0.076520 
-0.178399 
-0.301548 
-0.020921 
-0.082573 
-0.096720 
0.006841 
0.255492 
0.036296 
0.006487 
0.004096 
0.041381 
0.114307 
-0.091602 
-0.066945 
0.118488 
0.072957 
0.205266 
-0.066663 
0.065628 
-0.024821 
-0.079926 
0.007426 
-0.138036 
0.008986 
0.086151 
-0.019007 
0.241411 
-0.123080 
-0.038228 
0.295392 
0.077800 
0.032202 
0.009956 
-0.185966 
0.135753 
0.103694 
0.085019 
0.075979 
-0.048645 
0.076683 
0.040709 
0.057817 
0.066706 
0.014115 
-0.002995 
0.083444 
0.065783 
0.045355 
0.062248 
0.178452 
-0.152656 
-0.022208 
-0.029212 
0.162645 
0.093102 
0.121963 
-0.126779 
-0.198904 
-0.257969 
-0.101266 
0.123181 
-0.032355 
0.005917 
-0.146063 
-0.104570 
0.140184 
-0.053561 
-0.080766 
-0.041603 
0.083359 
0.098608 
0.087292 
0.069425 
0.029664 
0.012483 
-0.003059 
-0.077423 
-0.061232 
-0.135977 
0.046122 
0.025393 
-0.250490 
-0.295348 
-0.236137 
0.032174 
-0.078285 
-0.326716 
-0.294912 
-0.564266 
-0.072633 
-0.387726 
-0.438080 
-0.507823 
-0.589646 
-0.000850 
-0.239579 
-0.347146 
-0.396888 
-0.524010 
-0.100830 
-0.331911 
-0.302544 
-0.341814 
-0.121695 
-0.007412 
0.005193 
-0.099327 
-0.042241 
0.045999 
-0.021165 
0.087732 
0.056860 
0.013041 
-0.034881 
-0.140891 
-0.181534 
-0.240253 
-0.088519 
-0.033178 
-0.074413 
-0.100870 
-0.174146 
-0.042994 
-0.257257 
0.106613 
0.033207 
0.021818 
-0.064406 
-0.068763 
0.053592 
0.035755 
-0.183095 
0.076248 
0.071308 
0.021443 
0.015155 
-0.231873 
0.045839 
0.070751 
0.208422 
-0.104162 
-0.029560 
0.214449 
0.142729 
0.344003 
0.085206 
-0.210958 
-0.118285 
-0.035614 
0.174014 
-0.136166 
-0.087297 
-0.019892 
-0.036205 
-0.142226 
-0.172788 
-0.240406 
-0.085033 
0.117589 
0.194204 
0.149674 
0.156522 
0.140827 
0.177009 
0.108674 
-0.070301 
-0.031741 
-0.031512 
-0.222452 
0.104333 
-0.045458 
-0.012673 
-0.027578 
0.066139 
-0.026872 
-0.018646 
-0.078032 
0.062379 
0.071797 
-0.188262 
-0.042310 
0.024944 
-0.011972 
-0.050337 
-0.160508 
-0.146012 
-0.127594 
-0.074505 
-0.039551 
-0.118100 
-0.123004 
-0.080264 
-0.048149 
0.282746 
-0.136137 
-0.258462 
-0.151316 
-0.018034 
0.280002 
0.033119 
-0.082165 
-0.126739 
-0.154935 
0.023883 
-0.162365 
-0.127146 
-0.071920 
-0.113291 
-0.250979 
-0.099133 
-0.192049 
-0.071782 
-0.042436 
-0.266930 
-0.121516 
-0.248439 
-0.188489 
-0.173743 
-0.157768 
-0.050816 
0.017291 
-0.094570 
0.196038 
-0.068835 
0.022560 
-0.138221 
0.015950 
0.067607 
0.009265 
-0.158492 
-0.034272 
0.105097 
-0.388475 
-0.250774 
0.024930 
0.037525 
0.125505 
-0.141095 
-0.242951 
-0.155209 
-0.081848 
-0.189851 
-0.253240 
-0.282892 
0.164975 
0.071735 
-0.010371 
-0.197900 
-0.016676 
0.297988 
-0.004045 
0.012971 
0.091354 
0.282195 
-0.081610 
-0.008966 
-0.053124 
-0.036489 
-0.069720 
-0.222906 
-0.047627 
-0.002944 
0.024627 
-0.027157 
0.000248 
0.076699 
-0.008302 
0.032453 
0.087937 
-0.107349 
-0.006846 
-0.062849 
-0.018881 
-0.004357 
0.154987 
0.048849 
-0.074136 
-0.075419 
-0.033843 
-0.079473 
-0.111215 
-0.030464 
-0.057673 
-0.098861 
0.097003 
0.053516 
0.049289 
0.001873 
-0.115122 
-0.248290 
-0.150127 
-0.044346 
-0.049121 
-0.037808 
0.053011 
-0.025560 
-0.063054 
0.075879 
-0.051157 
-0.029710 
-0.136845 
0.110310 
0.017913 
0.081364 
-0.035103 
-0.169743 
0.080904 
-0.049999 
0.016859 
-0.000209 
-0.269923 
0.114089 
-0.035087 
0.053961 
0.083191 
0.004781 
0.012809 
-0.152426 
0.005105 
-0.154910 
-0.193187 
-0.290062 
-0.408902 
-0.210822 
-0.245170 
-0.224299 
-0.329322 
-0.308129 
-0.231807 
-0.023451 
0.124398 
-0.053134 
-0.078503 
0.142265 
0.003642 
0.088090 
0.225918 
-0.010074 
0.007242 
0.267448 
0.100760 
0.333387 
-0.066661 
-0.155206 
0.046223 
-0.020689 
0.077714 
0.026376 
0.152246 
-0.235877 
-0.124234 
-0.097186 
-0.247331 
-0.000222 
-0.037460 
-0.006668 
0.166928 
0.231439 
0.537191 
-0.050308 
-0.030620 
0.035952 
0.071712 
0.268336 
-0.098828 
-0.108782 
-0.037042 
-0.242537 
-0.203514 
-0.172812 
-0.303529 
-0.056037 
-0.230173 
-0.225831 
-0.230784 
-0.287665 
-0.104898 
-0.092728 
-0.273622 
0.113313 
-0.038463 
0.024074 
0.141624 
-0.047150 
0.016763 
-0.114196 
0.065852 
0.112369 
0.084889 
0.090870 
-0.097695 
-0.039157 
-0.064119 
-0.059724 
0.087489 
0.151723 
-0.090553 
0.026272 
0.014909 
-0.158011 
-0.096535 
-0.279173 
-0.046420 
-0.000346 
-0.295616 
-0.243956 
-0.382675 
-0.442177 
-0.109887 
-0.135740 
0.031135 
-0.096828 
-0.385980 
-0.324367 
0.042237 
0.080233 
0.214471 
0.073629 
-0.144383 
-0.045463 
0.112001 
0.203957 
0.196135 
-0.022568 
0.056142 
0.014088 
0.084566 
0.213501 
0.230684 
-0.119483 
-0.097993 
0.031417 
0.104947 
0.001927 
0.050866 
-0.064035 
0.097067 
-0.048126 
0.113791 
0.120505 
-0.019609 
0.042191 
-0.108337 
-0.097132 
-0.004383 
-0.075206 
-0.205803 
-0.059209 
0.077853 
-0.158492 
0.036957 
-0.180095 
-0.040442 
0.035810 
-0.150453 
0.026325 
0.212384 
0.219348 
0.478851 
0.065572 
-0.052112 
-0.003585 
0.101422 
0.231450 
0.006948 
0.100564 
0.002815 
-0.140041 
-0.067330 
-0.161544 
0.029581 
0.014457 
-0.051985 
-0.259169 
0.044010 
0.134283 
-0.089335 
-0.251739 
-0.233449 
-0.195453 
0.040994 
-0.050318 
-0.098887 
0.062522 
-0.043968 
0.062036 
-0.044215 
-0.021606 
0.057475 
-0.066795 
-0.320421 
-0.072453 
0.107251 
-0.019108 
-0.138340 
-0.230742 
-0.031637 
0.098696 
-0.004666 
0.243997 
0.059090 
0.028267 
-0.086023 
-0.026411 
0.109000 
0.149663 
0.040159 
0.209475 
0.225392 
0.078062 
0.139557 
-0.089017 
0.001746 
0.031059 
-0.057621 
0.026735 
0.288681 
-0.026379 
-0.044552 
-0.047386 
-0.188742 
-0.077489 
0.022116 
-0.076466 
0.117522 
0.000061 
0.064248 
-0.037664 
-0.009757 
0.262689 
0.241498 
-0.012031 
0.007897 
0.439472 
0.055270 
0.108730 
0.041157 
0.068313 
0.201615 
0.209271 
0.098972 
0.226861 
0.084630 
-0.291163 
0.001886 
-0.237351 
0.009924 
0.047649 
-0.012633 
-0.166807 
-0.089655 
0.045884 
-0.049009 
-0.080121 
-0.200298 
0.081049 
0.133894 
-0.002513 
0.224312 
0.025760 
0.152294 
0.315380 
0.430652 
0.365094 
-0.022846 
0.009923 
-0.026836 
0.074698 
0.145276 
0.028206 
-0.067134 
-0.317473 
0.067648 
0.121044 
-0.145369 
-0.370355 
-0.540470 
-0.326865 
-0.279337 
-0.468934 
-0.268105 
-0.294437 
0.025148 
-0.060280 
-0.203717 
-0.322885 
-0.140361 
-0.055551 
-0.046404 
-0.036364 
0.011397 
-0.149348 
-0.103314 
0.035711 
0.085725 
0.023415 
-0.143480 
-0.118078 
-0.053510 
-0.090423 
0.087104 
0.021506 
-0.142494 
-0.037968 
-0.262267 
0.047797 
0.549754 
-0.121175 
0.057500 
-0.335228 
-0.199308 
0.126549 
-0.117476 
-0.026077 
-0.215250 
-0.235385 
-0.127591 
-0.076438 
-0.051342 
-0.048215 
0.005810 
-0.159653 
-0.073229 
-0.052072 
0.042278 
-0.117935 
-0.213067 
-0.154835 
0.059182 
-0.254350 
-0.069056 
-0.100422 
0.011153 
0.091847 
-0.280902 
-0.253138 
0.013854 
0.051047 
-0.017361 
0.098207 
-0.111435 
-0.036166 
-0.182998 
-0.021958 
0.011571 
-0.026475 
0.083524 
-0.170503 
0.076576 
-0.167279 
0.005873 
0.185010 
-0.197822 
0.025705 
-0.009400 
-0.191011 
-0.236279 
-0.065336 
-0.037374 
-0.159920 
-0.111996 
-0.373365 
-0.208585 
-0.151213 
0.169895 
-0.067464 
-0.130226 
0.026281 
0.197926 
0.058570 
-0.052275 
-0.119301 
0.037620 
0.232004 
0.199131 
0.112254 
0.284032 
0.107925 
0.198004 
-0.055347 
0.174721 
0.107943 
-0.150943 
0.345603 
-0.157676 
0.050722 
0.225713 
-0.201853 
0.055568 
-0.106531 
0.203519 
0.387090 
-0.116544 
-0.107224 
0.248228 
-0.017668 
0.123648 
-0.104889 
0.222238 
0.120927 
-0.068378 
-0.007208 
-0.225905 
0.126202 
0.023432 
0.069244 
-0.248971 
-0.360478 
-0.005778 
0.081282 
0.071545 
0.085595 
-0.238904 
-0.325780 
0.042808 
-0.038418 
0.178216 
0.027264 
-0.063937 
0.076888 
0.090250 
-0.112556 
0.019784 
0.158207 
0.079866 
0.078377 
0.016345 
0.000896 
0.169031 
0.052838 
0.092749 
0.002635 
-0.044100 
-0.042173 
-0.031715 
-0.071533 
-0.122254 
0.117126 
0.110454 
0.128194 
0.067466 
-0.193122 
-0.172959 
0.042195 
0.117543 
-0.128114 
0.021137 
-0.100267 
-0.005691 
-0.202101 
-0.137475 
-0.044644 
-0.168200 
0.237610 
-0.068583 
-0.038540 
0.167600 
0.208200 
0.036831 
0.185075 
-0.009700 
0.122442 
0.146079 
0.195000 
0.095285 
0.215860 
0.124954 
-0.000120 
0.064313 
-0.157621 
-0.001580 
0.128717 
-0.199555 
-0.075026 
-0.196393 
-0.071277 
0.127216 
-0.119512 
-0.133512 
0.168093 
0.039379 
-0.085177 
-0.176793 
0.090705 
-0.039212 
-0.093444 
-0.059661 
-0.101317 
-0.133361 
0.027440 
-0.042032 
-0.118965 
-0.082630 
-0.163018 
0.033813 
-0.062823 
-0.017931 
-0.303585 
-0.279354 
-0.090012 
-0.012083 
-0.013312 
-0.064918 
-0.204348 
0.104820 
0.207306 
0.377988 
-0.009964 
-0.206484 
-0.109307 
-0.150502 
0.096504 
0.189070 
-0.167393 
-0.103681 
-0.258386 
0.064872 
0.236939 
0.213198 
0.046569 
0.003723 
-0.293031 
-0.031680 
0.292643 
0.268293 
0.126447 
-0.070368 
-0.345480 
-0.085498 
-0.014093 
-0.102927 
-0.142225 
-0.298024 
-0.054220 
0.012870 
-0.064121 
-0.332132 
-0.374537 
-0.125964 
-0.138630 
-0.111446 
-0.032658 
-0.151262 
-0.079854 
-0.007173 
0.000677 
-0.068148 
-0.150034 
-0.129882 
-0.104541 
0.003756 
0.061004 
-0.013534 
0.192259 
-0.061506 
-0.136357 
-0.179124 
0.125766 
0.257818 
0.038211 
0.082895 
-0.013525 
-0.038898 
-0.017010 
-0.008614 
0.069061 
0.183560 
-0.090048 
0.002431 
-0.060726 
0.039702 
0.016766 
0.061955 
0.042610 
0.016149 
0.044535 
-0.085975 
-0.052503 
-0.273687 
0.063879 
0.162154 
0.381540 
0.430433 
0.511106 
-0.015604 
-0.123673 
0.425511 
0.372276 
0.447905 
-0.066920 
0.026937 
0.084610 
0.200747 
0.788365 
-0.144014 
-0.055440 
-0.006343 
0.298372 
0.076461 
-0.073377 
0.020817 
0.227395 
0.203538 
-0.103119 
-0.038101 
-0.217093 
-0.016961 
-0.032546 
-0.283515 
0.161696 
-0.023441 
-0.074269 
0.014266 
-0.196916 
0.094955 
0.020968 
0.050030 
0.163042 
-0.131982 
0.003176 
0.035837 
-0.043552 
0.035763 
-0.127668 
0.048591 
0.037583 
-0.179666 
-0.099178 
-0.081389 
0.089824 
0.292682 
0.209304 
-0.073708 
-0.216117 
-0.058140 
0.114989 
0.256309 
0.083360 
-0.156970 
0.093561 
-0.096486 
0.164001 
0.122479 
-0.031505 
0.073682 
-0.033494 
-0.098128 
0.048387 
-0.258586 
-0.079792 
0.123134 
0.110730 
0.159824 
0.011213 
0.039760 
-0.029933 
-0.009162 
0.287267 
-0.066902 
0.109817 
0.063790 
-0.003518 
0.078552 
0.322799 
-0.092989 
0.080450 
-0.002746 
-0.166051 
0.205790 
-0.137719 
0.072635 
0.137679 
-0.060227 
-0.004493 
-0.026600 
-0.193604 
-0.080514 
-0.048553 
-0.172682 
-0.090506 
-0.257063 
-0.377144 
-0.229612 
-0.118510 
0.111329 
-0.204355 
-0.270877 
-0.487711 
-0.217640 
0.113454 
-0.082000 
-0.144668 
-0.393070 
-0.124824 
0.124569 
-0.002036 
-0.204733 
-0.243300 
0.047853 
0.114198 
-0.076778 
-0.035212 
-0.151259 
0.102082 
-0.006444 
-0.269420 
-0.291663 
-0.304376 
-0.025940 
0.078174 
-0.077098 
-0.101306 
-0.709603 
-0.442147 
0.111423 
0.129348 
0.026383 
-0.417691 
-0.534431 
-0.021486 
0.080362 
-0.151145 
-0.232786 
-0.123949 
0.054806 
0.025786 
-0.057036 
0.039932 
0.166325 
0.037750 
-0.140810 
-0.172629 
-0.408785 
0.096082 
0.014609 
-0.060898 
0.073614 
-0.413958 
-0.129363 
0.073076 
-0.090974 
-0.006113 
-0.257794 
-0.232770 
-0.073846 
0.084928 
-0.145540 
-0.051483 
-0.104402 
-0.158787 
0.104618 
-0.078932 
-0.163567 
-0.038418 
-0.008824 
-0.290540 
-0.332632 
0.238744 
0.635070 
-0.027221 
0.084152 
-0.105967 
-0.386297 
0.234400 
-0.066150 
0.112282 
0.379947 
-0.258977 
-0.140262 
-0.193032 
-0.050408 
0.319513 
0.274688 
-0.392034 
0.010702 
0.194916 
-0.058826 
0.085644 
-0.256644 
-0.014276 
-0.195476 
0.139220 
0.119037 
0.275634 
-0.200385 
0.082644 
0.139361 
0.205590 
0.159394 
-0.114624 
0.174639 
0.175191 
0.139089 
0.153672 
0.046921 
-0.026308 
0.243412 
0.201551 
0.128093 
-0.076233 
0.219430 
0.059239 
0.187016 
0.123251 
-0.111818 
0.100379 
0.028926 
0.179081 
0.325713 
-0.110922 
-0.195029 
0.068824 
0.061301 
-0.051219 
0.067892 
-0.083915 
-0.083853 
0.000340 
0.076938 
-0.380299 
-0.171636 
-0.080981 
-0.056536 
0.036887 
0.293864 
0.264534 
0.105956 
0.174384 
0.235666 
0.303676 
0.134160 
-0.065027 
-0.229812 
0.029011 
0.004194 
0.043166 
0.017689 
0.168423 
0.071783 
-0.277231 
0.037633 
0.013566 
0.080283 
0.106966 
0.020124 
0.354709 
0.103187 
0.108818 
0.333080 
0.050203 
0.039828 
0.175757 
0.225835 
0.082423 
-0.089460 
-0.072701 
0.037830 
-0.193145 
-0.028183 
-0.234604 
-0.182268 
-0.101518 
-0.122437 
0.090915 
-0.255284 
-0.288342 
0.027435 
0.002249 
-0.066970 
-0.258089 
-0.205964 
0.156994 
0.018552 
0.028287 
-0.239783 
-0.176486 
0.130559 
-0.041297 
0.012921 
0.066104 
0.099490 
-0.055297 
0.018394 
0.097131 
-0.017926 
-0.023653 
0.098804 
-0.077839 
0.213466 
-0.110926 
0.021261 
-0.032471 
0.120665 
-0.060827 
0.245235 
0.037757 
0.155653 
-0.019971 
0.124924 
0.176325 
0.346805 
0.455228 
0.016898 
0.023699 
0.147153 
0.088810 
0.045873 
0.017931 
0.028328 
-0.164802 
-0.243954 
-0.127176 
-0.191963 
-0.232662 
-0.121558 
-0.303878 
-0.359501 
-0.372631 
-0.213722 
-0.215086 
-0.459201 
-0.357024 
-0.343353 
-0.252986 
-0.174024 
0.035731 
0.013435 
-0.040486 
0.126739 
0.079373 
0.129504 
-0.129443 
-0.246209 
-0.293494 
0.072194 
-0.046471 
-0.057058 
-0.337206 
-0.256777 
-0.082645 
-0.339723 
-0.267157 
-0.332928 
-0.281492 
-0.047653 
-0.099148 
-0.219135 
-0.168625 
-0.097979 
0.075645 
-0.033635 
-0.053988 
-0.141374 
-0.053829 
-0.202704 
-0.353119 
-0.109393 
-0.153490 
0.024547 
-0.078392 
-0.263532 
-0.227557 
-0.119226 
-0.144132 
0.069395 
-0.320364 
-0.168069 
-0.031618 
0.050059 
-0.133096 
-0.441467 
-0.286717 
-0.216034 
0.101778 
-0.140023 
-0.290640 
-0.270402 
-0.114254 
-0.009644 
0.231030 
0.048652 
0.058516 
0.151667 
0.131040 
0.291958 
0.288637 
0.153244 
0.302932 
0.172924 
0.353364 
-0.112090 
-0.112802 
0.187907 
0.159631 
0.020889 
-0.412918 
-0.274693 
-0.264924 
-0.238929 
-0.069329 
-0.229188 
-0.306624 
-0.347282 
-0.227875 
0.059026 
0.101513 
-0.067976 
-0.194363 
-0.024023 
0.048887 
-0.159699 
-0.015594 
0.036525 
0.079205 
-0.081175 
-0.152581 
-0.213512 
-0.127665 
0.080618 
0.184945 
0.135709 
0.017764 
0.028377 
0.119377 
0.208209 
0.068925 
0.168264 
0.343590 
0.268642 
0.123069 
0.123346 
0.213561 
-0.056041 
-0.030658 
0.181206 
0.174950 
-0.062075 
-0.123439 
-0.057015 
-0.042740 
-0.078229 
-0.099144 
-0.088764 
-0.006560 
0.032034 
-0.050440 
0.039806 
0.070267 
0.230344 
0.174271 
0.078915 
0.056606 
-0.017497 
0.077006 
0.003996 
0.089097 
0.018028 
0.133918 
0.436144 
-0.147531 
-0.141271 
-0.130371 
-0.051134 
0.052355 
-0.300002 
-0.257085 
-0.166914 
-0.175755 
0.023698 
-0.347973 
-0.250539 
-0.230375 
-0.066582 
-0.054955 
-0.284716 
0.020837 
-0.009833 
-0.024970 
0.104877 
0.117963 
-0.090729 
-0.295926 
-0.243784 
-0.250548 
0.194916 
-0.184354 
-0.304391 
-0.275271 
-0.318258 
0.126012 
-0.030101 
-0.185852 
-0.299373 
-0.209293 
0.153969 
0.245777 
-0.042612 
-0.049910 
0.018593 
0.514743 
0.412467 
0.014939 
0.071623 
-0.046968 
-0.246847 
-0.011921 
-0.015472 
-0.024703 
0.038299 
0.027549 
-0.031291 
0.000611 
0.082182 
-0.147687 
0.459969 
0.071498 
0.123390 
0.177514 
-0.049583 
-0.040592 
-0.043957 
0.078680 
0.167930 
0.137285 
-0.276073 
-0.237747 
-0.058113 
0.089456 
0.064444 
-0.058356 
-0.045016 
-0.054716 
-0.221113 
-0.018020 
-0.145629 
-0.176067 
-0.308579 
-0.227507 
-0.086945 
0.479689 
0.157135 
-0.178356 
-0.244349 
-0.241577 
0.146927 
0.016745 
-0.072967 
-0.124631 
-0.186062 
-0.330039 
-0.349406 
-0.177380 
0.001573 
0.125268 
0.033407 
-0.001401 
-0.032857 
-0.175356 
-0.019619 
-0.000072 
0.046320 
-0.026854 
-0.061271 
-0.063461 
-0.119302 
-0.162476 
-0.189578 
-0.357852 
-0.151644 
-0.023542 
-0.091428 
-0.119535 
-0.222702 
-0.185190 
0.099443 
0.027078 
0.185365 
0.040460 
0.023573 
-0.227424 
-0.041126 
0.119207 
-0.003005 
0.011647 
0.105448 
0.140456 
-0.007580 
0.132851 
0.154682 
0.191157 
0.039531 
0.039063 
0.054508 
0.049399 
0.006431 
-0.225833 
-0.252080 
-0.097635 
0.065952 
0.018132 
-0.054834 
-0.146184 
0.112587 
0.166283 
-0.090716 
-0.349329 
-0.346482 
-0.325691 
-0.093202 
-0.081644 
-0.423694 
-0.238042 
-0.031359 
0.214519 
-0.091371 
-0.179820 
-0.222808 
0.030946 
-0.045806 
-0.119361 
-0.244771 
-0.146628 
-0.087367 
-0.194530 
0.027182 
-0.372019 
-0.275925 
-0.300207 
-0.107965 
0.129551 
0.044555 
-0.028130 
-0.159131 
-0.081853 
0.184812 
-0.108814 
-0.288797 
-0.289524 
0.012634 
-0.137305 
-0.389048 
-0.351244 
0.121298 
-0.201714 
-0.004218 
-0.527782 
-0.002218 
-0.152968 
-0.170821 
0.056839 
0.008070 
-0.131796 
-0.122339 
0.157531 
-0.035212 
-0.302394 
-0.070970 
-0.519392 
-0.208270 
-0.129074 
-0.239732 
-0.060910 
-0.339168 
-0.143633 
-0.107983 
-0.239245 
0.058842 
-0.305068 
-0.141202 
-0.074682 
-0.257039 
0.042955 
-0.294235 
-0.110984 
-0.167582 
-0.291056 
-0.065886 
-0.255586 
-0.064694 
-0.082348 
0.198212 
0.109611 
0.052819 
0.154161 
0.066460 
0.055399 
0.199249 
-0.321831 
0.019959 
0.163050 
-0.256936 
-0.418934 
0.121085 
-0.018523 
-0.065573 
-0.282142 
-0.133691 
0.057220 
0.043487 
-0.014084 
0.036098 
-0.159432 
0.137380 
0.078763 
-0.227048 
-0.213887 
-0.400192 
0.028260 
0.301889 
-0.132740 
-0.220816 
-0.001739 
-0.180799 
0.028190 
0.368745 
0.330844 
0.135800 
0.161281 
-0.358489 
-0.081809 
-0.053036 
0.186689 
-0.324471 
-0.430737 
0.055031 
0.177576 
0.250182 
-0.116195 
0.209550 
0.104358 
-0.054802 
0.134539 
-0.123974 
-0.043745 
0.052378 
-0.035820 
0.144319 
0.023673 
0.082959 
-0.150607 
-0.149228 
0.089512 
0.058037 
0.121870 
-0.031716 
-0.148247 
0.068130 
0.082021 
0.038449 
0.168900 
-0.110636 
0.179210 
-0.127512 
0.028157 
-0.170595 
-0.258614 
-0.115214 
-0.140913 
0.000887 
-0.175222 
-0.156962 
-0.066139 
-0.252144 
0.031615 
0.132802 
-0.030915 
-0.084502 
-0.029349 
-0.122945 
0.315121 
0.100484 
-0.093245 
-0.128428 
-0.163363 
0.049435 
0.012739 
-0.268620 
-0.179411 
-0.185666 
0.088301 
0.294550 
0.147455 
0.272579 
0.463382 
0.104946 
-0.075423 
-0.074183 
0.508419 
0.209614 
-0.095892 
0.023853 
-0.103705 
0.110089 
0.260705 
0.101151 
-0.034752 
-0.106277 
-0.108857 
-0.011686 
0.068367 
0.148647 
0.216897 
-0.081822 
-0.173227 
-0.203992 
-0.231696 
0.064391 
-0.082036 
-0.063417 
-0.301290 
-0.211960 
-0.077597 
-0.068503 
-0.096355 
-0.037150 
-0.104400 
-0.127826 
-0.272831 
-0.084312 
0.012519 
-0.266106 
-0.095497 
-0.136439 
0.240196 
0.075267 
-0.131021 
0.109303 
-0.006004 
0.302581 
0.042477 
-0.016786 
-0.188495 
0.065480 
0.127047 
-0.262620 
-0.136879 
-0.001249 
-0.223685 
0.004943 
-0.078862 
-0.238146 
-0.235605 
0.041210 
-0.052341 
-0.128547 
-0.245902 
-0.429663 
-0.351239 
0.015738 
-0.046177 
0.209008 
-0.019821 
-0.283815 
0.048201 
0.162811 
-0.128540 
-0.051219 
0.006967 
-0.092880 
-0.002084 
-0.227783 
-0.142938 
-0.069989 
-0.269906 
-0.218847 
-0.281260 
-0.262963 
-0.101259 
-0.299051 
-0.098779 
-0.274786 
-0.163181 
-0.113062 
-0.366149 
-0.139743 
-0.433976 
-0.277576 
-0.118160 
-0.337564 
0.201671 
0.204774 
-0.148545 
-0.328127 
0.020295 
-0.027725 
-0.085571 
-0.297136 
-0.202752 
-0.242782 
0.055894 
-0.214620 
-0.182134 
0.088704 
-0.234779 
0.134246 
-0.085921 
0.140727 
0.128287 
0.145673 
0.052406 
0.271286 
-0.021749 
0.007874 
0.309402 
-0.203231 
-0.112496 
0.057799 
-0.034222 
-0.151058 
0.063146 
0.096724 
-0.105294 
0.004739 
0.125143 
0.091077 
0.191006 
-0.035753 
0.339267 
0.302986 
-0.006485 
0.064383 
0.276728 
0.179986 
0.220159 
-0.101179 
-0.057017 
0.065701 
0.282548 
0.308261 
0.167220 
0.062853 
0.141998 
-0.287978 
0.010762 
0.098630 
-0.055431 
0.092636 
-0.159051 
0.005364 
0.051586 
-0.033080 
0.024632 
-0.172780 
-0.187328 
0.242628 
-0.000729 
-0.282516 
-0.099422 
-0.076380 
0.279656 
0.096469 
0.073796 
0.047841 
0.089435 
0.209778 
-0.002505 
0.038247 
-0.233989 
0.084754 
0.021914 
-0.012776 
-0.087227 
0.161013 
-0.377693 
0.000004 
0.189459 
-0.043634 
-0.031113 
-0.237318 
-0.124032 
-0.108023 
-0.096217 
-0.305265 
-0.021291 
0.292667 
0.144198 
-0.116919 
-0.114429 
0.002236 
-0.108934 
-0.231260 
-0.085327 
-0.056494 
-0.020396 
-0.126414 
0.033881 
0.061232 
-0.108744 
-0.008214 
0.178193 
-0.236107 
-0.000490 
0.021605 
-0.120877 
0.063550 
-0.203001 
-0.205316 
-0.077440 
0.095457 
-0.323132 
-0.099025 
0.150272 
-0.335124 
-0.177121 
0.187336 
-0.052585 
-0.041245 
-0.016174 
-0.035377 
-0.074756 
-0.014932 
0.137760 
0.122491 
-0.229755 
0.007680 
0.200592 
0.245128 
-0.392202 
-0.461435 
-0.064619 
0.105650 
0.069476 
-0.196763 
-0.211796 
0.011596 
0.198256 
0.067153 
-0.096926 
-0.024614 
-0.219714 
-0.240802 
0.126150 
0.124390 
0.001398 
-0.161938 
-0.361526 
-0.129374 
0.478476 
-0.076424 
-0.206972 
-0.287266 
0.296172 
0.075079 
-0.195643 
-0.061384 
-0.305635 
-0.024378 
0.231179 
0.111206 
-0.012576 
-0.095435 
-0.251339 
0.180457 
0.176835 
0.375434 
0.533565 
0.243438 
0.049299 
0.161931 
0.013684 
0.326977 
0.128216 
0.128372 
0.131649 
-0.299755 
-0.035208 
0.162252 
0.090521 
-0.029076 
-0.254759 
0.040466 
0.192450 
-0.192535 
-0.161591 
-0.067220 
0.293338 
0.240962 
0.074721 
0.184869 
0.235044 
-0.028266 
-0.160581 
0.147307 
0.004810 
0.270584 
-0.288713 
-0.272481 
-0.281413 
-0.004840 
0.319485 
-0.278766 
-0.385873 
0.141059 
0.289828 
0.257865 
-0.542563 
-0.032556 
0.412695 
-0.053071 
0.208103 
-0.661794 
-0.324923 
0.098978 
0.175263 
0.133970 
0.114233 
-0.053395 
0.310886 
0.554901 
-0.283640 
-0.113991 
0.164611 
0.179613 
0.449390 
-0.372611 
-0.162260 
0.013869 
-0.015242 
0.055655 
-0.481159 
-0.177956 
0.222271 
0.033721 
-0.434168 
-0.312545 
-0.053286 
0.342935 
0.104694 
-0.032002 
0.021964 
-0.242067 
-0.174799 
0.038511 
0.070143 
-0.074403 
-0.410801 
-0.060018 
0.114177 
0.090414 
-0.382320 
-0.459081 
-0.135591 
0.089169 
0.147949 
-0.498782 
-0.503237 
-0.050005 
0.014856 
0.161594 
-0.276987 
-0.378326 
-0.240204 
-0.009954 
0.310569 
-0.012027 
0.352550 
-0.140754 
-0.364130 
0.042037 
-0.083579 
0.291479 
-0.039955 
-0.127750 
-0.013461 
-0.251299 
0.014303 
0.031731 
0.074160 
-0.230962 
-0.212744 
-0.189125 
0.206330 
0.274846 
-0.096577 
-0.024108 
0.049722 
0.059338 
0.004363 
0.078851 
0.192939 
0.055147 
-0.017204 
-0.079638 
0.089997 
0.337780 
-0.101682 
-0.311036 
-0.445731 
0.011182 
0.070295 
-0.188819 
-0.133537 
-0.085931 
-0.008090 
0.010412 
-0.218886 
0.069271 
0.375420 
0.139603 
-0.010547 
-0.148759 
-0.057886 
0.086728 
0.124807 
0.067932 
0.126237 
-0.036136 
-0.110965 
-0.019955 
-0.118438 
0.098596 
-0.004188 
-0.005036 
-0.175087 
0.164600 
0.063076 
-0.060737 
-0.207125 
-0.201982 
0.294634 
0.119826 
-0.317573 
0.028531 
0.124251 
0.232920 
0.211730 
-0.131816 
0.114821 
0.134482 
0.311586 
-0.064363 
-0.221670 
0.015005 
0.266899 
0.003285 
-0.133057 
-0.201727 
0.138012 
0.202709 
-0.081748 
-0.196688 
-0.098806 
-0.096313 
-0.078488 
-0.211762 
-0.211287 
-0.081458 
-0.107400 
-0.033345 
0.083066 
0.040380 
-0.066062 
0.047132 
0.072207 
0.202274 
-0.078499 
-0.111508 
-0.053608 
-0.046547 
0.051219 
0.101323 
-0.253624 
0.021081 
0.040962 
0.030789 
-0.008225 
0.013586 
-0.011477 
-0.047550 
0.020287 
0.086637 
0.086322 
-0.158264 
0.140212 
0.308099 
0.139646 
-0.017449 
-0.132597 
0.177903 
0.091745 
0.003295 
-0.195000 
-0.131374 
-0.009426 
-0.058935 
0.019650 
0.347065 
0.351828 
0.130765 
-0.375840 
0.046768 
0.367948 
0.249930 
0.028122 
-0.305864 
-0.139682 
-0.120769 
-0.221307 
-0.095705 
-0.008315 
0.032694 
0.030702 
0.010133 
-0.075181 
-0.009207 
-0.078045 
-0.233359 
-0.037971 
-0.199696 
-0.088926 
-0.022815 
0.051512 
-0.201002 
-0.381570 
-0.163190 
-0.145400 
0.261234 
0.200530 
0.007464 
0.050508 
-0.019306 
0.122728 
0.356099 
0.349489 
0.204161 
0.095243 
-0.123382 
0.018547 
0.335110 
-0.208291 
0.021798 
0.111015 
-0.278433 
-0.183112 
0.154301 
0.075297 
-0.152746 
-0.456240 
-0.218312 
0.286079 
-0.046356 
0.052768 
0.020723 
-0.288478 
0.414974 
0.049502 
0.265890 
-0.090869 
0.083986 
0.506534 
0.066985 
-0.122534 
-0.278352 
0.240594 
0.017172 
0.056925 
0.053088 
0.042233 
0.149969 
-0.028151 
0.088665 
-0.035302 
-0.045025 
-0.014914 
0.020575 
-0.194250 
-0.249483 
-0.052675 
-0.139446 
0.152845 
-0.155037 
-0.117136 
-0.089596 
-0.082840 
0.158668 
-0.202482 
0.010565 
0.062584 
0.223705 
0.038584 
0.078000 
-0.030062 
-0.035156 
0.119712 
-0.007226 
0.150280 
-0.039940 
-0.318195 
-0.189623 
0.020420 
0.116744 
-0.022548 
-0.361096 
-0.418566 
-0.101937 
0.140638 
0.064374 
-0.102772 
-0.306813 
-0.189470 
0.053031 
0.245980 
0.033770 
-0.005366 
-0.164470 
0.003081 
0.283476 
-0.115383 
-0.148081 
-0.042789 
-0.050834 
0.087533 
-0.173815 
-0.217777 
-0.223053 
-0.340406 
-0.294127 
-0.188849 
-0.270254 
-0.152315 
-0.221376 
-0.274667 
-0.299101 
-0.201529 
-0.110629 
-0.139852 
0.017993 
-0.027208 
0.028024 
-0.069284 
-0.037679 
-0.075393 
0.010829 
0.208592 
-0.360113 
-0.004472 
0.207015 
0.210022 
0.232755 
-0.131404 
-0.170050 
-0.103882 
0.099554 
0.003002 
0.181744 
0.044616 
0.014851 
-0.216092 
0.100843 
0.021352 
0.172174 
0.051436 
-0.046956 
-0.023601 
-0.145034 
-0.070497 
-0.128639 
-0.105829 
-0.116042 
-0.055569 
-0.215122 
-0.262122 
-0.213657 
-0.264336 
0.084629 
-0.107373 
-0.161583 
-0.116769 
-0.160387 
0.132076 
-0.083725 
-0.183443 
-0.005688 
0.004185 
0.291565 
0.280643 
0.178055 
0.013667 
0.323034 
-0.198244 
-0.010208 
-0.060532 
-0.075800 
-0.102275 
-0.190210 
0.099633 
0.120787 
-0.043841 
0.016368 
-0.033995 
0.173177 
-0.042931 
0.007306 
-0.013142 
-0.007118 
0.116052 
-0.132374 
-0.185780 
-0.088038 
-0.082876 
0.057116 
-0.047522 
-0.053106 
-0.058089 
0.188583 
0.185233 
0.208678 
0.139427 
0.191642 
-0.061032 
-0.065068 
-0.112961 
-0.019852 
0.187114 
-0.125282 
-0.135415 
-0.149611 
-0.065358 
-0.133319 
0.061671 
-0.260354 
-0.259977 
-0.174077 
-0.199317 
0.162092 
0.169578 
-0.087905 
-0.197708 
-0.213618 
-0.013504 
-0.016536 
0.166921 
0.028297 
-0.189346 
0.311473 
-0.017704 
-0.159970 
-0.136369 
-0.038115 
-0.022960 
-0.130675 
-0.446251 
-0.279160 
0.010399 
-0.018472 
0.053055 
-0.358792 
-0.214883 
0.013445 
-0.156435 
-0.072743 
-0.044217 
-0.018425 
0.230176 
-0.291833 
-0.145274 
-0.241032 
-0.153174 
-0.273279 
-0.305254 
-0.091933 
-0.046653 
-0.203238 
-0.316311 
-0.265513 
-0.157268 
-0.201647 
-0.064635 
-0.180467 
-0.161194 
-0.185184 
-0.078730 
0.079102 
-0.005169 
0.666605 
0.039401 
0.446566 
0.364570 
0.231102 
0.160126 
-0.304766 
-0.196251 
-0.075409 
-0.108591 
0.078700 
0.170783 
-0.164980 
-0.208298 
-0.097337 
0.116111 
0.244014 
0.165495 
-0.095964 
-0.221546 
0.190612 
0.173041 
0.082302 
-0.092473 
-0.030092 
0.223533 
0.028499 
0.204183 
0.127213 
0.067380 
0.040012 
-0.229326 
-0.236403 
-0.123592 
0.071011 
-0.052347 
0.029249 
-0.123265 
-0.160178 
-0.084344 
-0.002570 
0.134069 
-0.011453 
0.005633 
-0.090356 
-0.024769 
0.027844 
0.130437 
-0.048574 
0.082412 
0.257066 
0.201281 
0.099753 
0.000506 
0.105551 
-0.068282 
0.051795 
-0.006966 
0.156351 
0.250818 
0.032332 
0.100133 
0.351592 
0.140571 
0.274049 
-0.015118 
0.035816 
0.104028 
-0.069940 
0.022732 
-0.005248 
0.025733 
0.045293 
-0.082502 
0.038485 
-0.380281 
-0.227740 
0.077473 
0.022601 
0.033873 
-0.227655 
0.065506 
0.052603 
0.097554 
-0.137457 
-0.144890 
0.065540 
-0.044689 
0.007630 
-0.209589 
-0.072866 
-0.024077 
-0.076878 
-0.088483 
-0.247826 
0.016491 
-0.024182 
-0.066320 
-0.078562 
-0.122795 
0.501520 
0.160429 
-0.007109 
0.011277 
0.085771 
-0.316847 
-0.186538 
-0.154479 
-0.193485 
-0.114891 
-0.166207 
-0.295709 
-0.305733 
-0.139386 
-0.044356 
0.152587 
-0.192508 
-0.303573 
0.001073 
0.093643 
0.185692 
-0.098677 
0.067792 
0.145046 
0.036082 
0.073802 
0.147674 
0.357139 
0.124316 
0.033816 
0.073626 
-0.023888 
0.066011 
0.201062 
0.002985 
-0.111375 
-0.136304 
-0.369841 
-0.177929 
-0.044152 
0.033245 
-0.053419 
-0.227107 
0.025428 
0.123190 
-0.148344 
-0.222207 
-0.076685 
0.025170 
0.177141 
-0.043172 
-0.239700 
-0.027977 
-0.252483 
-0.046564 
0.113035 
0.043218 
-0.590775 
-0.324733 
-0.008979 
-0.009831 
-0.372947 
-0.482730 
-0.320884 
-0.068487 
-0.142802 
-0.135488 
-0.324459 
-0.261611 
-0.157329 
-0.062811 
0.028695 
0.285415 
-0.044671 
-0.029888 
-0.212701 
-0.126947 
0.507161 
0.197448 
0.292931 
0.354420 
-0.161459 
-0.313857 
0.032005 
0.080048 
0.255026 
0.013246 
-0.217488 
-0.297016 
-0.130058 
-0.133363 
0.157009 
-0.070066 
-0.149943 
-0.328533 
-0.569590 
0.163732 
0.211618 
-0.025840 
-0.017450 
-0.183607 
0.170008 
0.729419 
0.287568 
0.204857 
0.066453 
-0.081805 
0.236021 
0.522968 
0.141969 
-0.088137 
-0.165109 
0.178735 
0.140819 
0.117049 
-0.031595 
-0.075254 
0.191666 
0.122864 
0.022792 
0.061846 
-0.064323 
0.033722 
-0.155879 
0.147624 
-0.197878 
-0.149819 
0.126123 
0.169744 
0.094755 
0.007662 
-0.326026 
0.188445 
-0.010126 
0.088164 
-0.034239 
-0.284985 
0.310837 
-0.002822 
0.135857 
0.192731 
-0.074052 
0.351264 
-0.012167 
0.133293 
0.062758 
-0.218875 
0.075455 
-0.230935 
0.021757 
0.096652 
-0.095601 
0.147322 
0.029471 
0.213384 
0.019660 
-0.142327 
-0.384984 
-0.380442 
-0.110607 
-0.062442 
-0.100164 
-0.241428 
-0.309013 
-0.343615 
0.028547 
0.031527 
-0.114286 
-0.079254 
-0.300475 
0.064792 
0.093278 
-0.236981 
-0.119171 
-0.150253 
0.001550 
-0.011130 
0.168032 
0.090250 
0.298264 
-0.176907 
-0.206123 
-0.037827 
-0.061340 
0.155559 
-0.049772 
-0.111271 
-0.059594 
-0.176679 
-0.099254 
-0.068163 
-0.057111 
-0.063696 
0.003694 
-0.038137 
-0.116315 
-0.069605 
-0.092242 
-0.043733 
-0.153687 
-0.051667 
-0.151886 
-0.128025 
-0.097791 
-0.103729 
-0.013511 
0.010889 
0.235916 
0.021144 
-0.043242 
-0.137250 
0.063924 
0.115321 
0.004110 
0.097724 
-0.083176 
0.061707 
-0.011905 
-0.194842 
-0.082123 
-0.380302 
-0.177148 
-0.328866 
-0.489076 
-0.458527 
-0.123414 
-0.152481 
-0.248344 
-0.297830 
-0.201350 
-0.003298 
-0.047991 
-0.072404 
0.112900 
0.289197 
-0.015779 
-0.173949 
-0.115222 
-0.179020 
-0.049119 
-0.048158 
-0.107926 
-0.060151 
-0.200845 
-0.076120 
-0.085287 
-0.193350 
-0.138497 
-0.189848 
-0.082716 
0.206304 
-0.027125 
-0.052251 
-0.157769 
-0.021729 
-0.051137 
-0.045111 
0.091671 
0.028940 
0.126533 
-0.038356 
0.077745 
0.157915 
0.017785 
0.031838 
0.039610 
0.079357 
-0.020785 
-0.049292 
0.035855 
-0.164595 
-0.077730 
-0.413436 
-0.139872 
-0.064126 
0.004664 
-0.070183 
-0.031153 
-0.001479 
0.128580 
0.064258 
-0.145234 
-0.207877 
-0.086680 
-0.073825 
0.229839 
-0.038272 
-0.039135 
0.122430 
0.004534 
0.101762 
-0.101295 
0.065252 
0.190998 
0.125089 
-0.257782 
-0.150971 
-0.195809 
-0.066660 
-0.139859 
-0.223465 
-0.026375 
-0.192413 
-0.045233 
-0.262931 
-0.215855 
-0.014159 
0.000550 
-0.011672 
0.221606 
-0.321470 
-0.386836 
-0.373066 
-0.007392 
0.191203 
-0.067840 
-0.481295 
-0.522951 
-0.186296 
0.210906 
-0.180327 
-0.112177 
-0.428931 
-0.290035 
-0.022490 
0.000877 
0.295646 
-0.118381 
-0.000900 
-0.165375 
0.076927 
0.184002 
0.055952 
-0.005907 
0.205507 
0.061580 
0.087411 
-0.029069 
0.067138 
-0.089761 
0.286651 
-0.009123 
0.013698 
0.034829 
-0.051664 
-0.182453 
-0.105191 
-0.269440 
-0.153032 
-0.052245 
-0.000510 
0.062738 
0.019620 
-0.069679 
-0.065588 
0.010796 
0.080442 
0.283885 
0.325387 
0.266608 
0.012990 
-0.039870 
0.061973 
-0.069554 
0.144993 
0.018229 
-0.082273 
0.080122 
0.067646 
0.126724 
-0.199541 
-0.174345 
-0.224303 
-0.266416 
-0.347018 
-0.076680 
0.161871 
0.386757 
0.073665 
0.146382 
-0.233428 
-0.341402 
-0.095373 
-0.172374 
-0.335044 
0.041011 
0.020623 
0.394660 
0.217277 
-0.045883 
0.273927 
0.191742 
0.532971 
0.323887 
-0.025838 
0.074050 
-0.034034 
-0.058457 
-0.103306 
-0.166305 
0.118067 
0.035847 
0.272582 
-0.013008 
-0.125427 
0.008939 
-0.003197 
-0.178198 
0.052493 
0.106112 
0.091798 
-0.014849 
-0.282156 
-0.200611 
0.062897 
-0.247139 
-0.171245 
-0.317682 
-0.283249 
0.112633 
-0.327624 
-0.111430 
-0.162237 
0.064072 
0.090724 
-0.232361 
0.031439 
-0.060189 
-0.032809 
0.348517 
0.048563 
-0.131434 
-0.122251 
-0.088201 
0.053655 
-0.019707 
-0.283741 
-0.059889 
-0.089238 
-0.204148 
-0.023849 
-0.261352 
0.040227 
0.056763 
0.009185 
-0.090684 
-0.254670 
-0.078008 
-0.001438 
0.002285 
-0.052282 
-0.272142 
0.012748 
0.128568 
0.148735 
-0.013935 
-0.140346 
0.013510 
-0.162325 
0.016450 
-0.176867 
-0.238543 
0.018734 
-0.099911 
-0.031871 
-0.081134 
-0.232555 
0.062393 
0.004641 
0.117739 
-0.122934 
-0.285909 
-0.148987 
0.001663 
0.161607 
0.031183 
-0.083689 
0.217480 
0.199916 
0.095339 
-0.023005 
0.111692 
0.063384 
-0.060241 
-0.032255 
-0.050179 
-0.039541 
0.072638 
-0.002356 
0.070763 
-0.062152 
-0.054145 
0.030751 
-0.109869 
0.015387 
0.036149 
0.072778 
-0.015419 
-0.018794 
-0.115469 
0.103291 
0.073725 
0.130818 
0.022454 
-0.025192 
-0.037112 
-0.156035 
0.126335 
0.293232 
0.159558 
0.107992 
-0.129674 
0.040277 
0.071555 
0.079217 
0.174464 
-0.068006 
0.046542 
0.117960 
0.202326 
-0.022764 
-0.108319 
-0.137723 
0.083689 
-0.106492 
0.021117 
-0.197566 
0.075076 
-0.193001 
-0.131621 
0.039773 
-0.146958 
0.372516 
0.023312 
-0.035056 
-0.185167 
-0.331333 
0.097586 
0.001267 
0.119183 
0.126049 
0.149265 
-0.036143 
-0.032810 
0.256115 
0.034035 
0.097511 
-0.127851 
-0.167989 
-0.033688 
0.135934 
-0.191558 
-0.245900 
-0.155145 
-0.029422 
-0.207981 
-0.159718 
0.134224 
-0.125946 
-0.024819 
-0.378798 
-0.245395 
0.141596 
0.092857 
0.117345 
-0.061896 
-0.105816 
0.561515 
0.385327 
0.128718 
0.179588 
0.052056 
0.022750 
-0.025962 
0.007731 
0.051671 
0.147892 
-0.096767 
-0.056714 
0.195348 
0.068832 
-0.032953 
-0.200155 
-0.157125 
0.110453 
-0.048697 
-0.211879 
-0.192451 
-0.101882 
0.094090 
-0.218050 
-0.241557 
-0.073720 
0.073687 
0.103342 
-0.129913 
-0.153442 
0.157725 
0.201111 
-0.039694 
0.185388 
0.180048 
0.101831 
-0.064703 
-0.256525 
-0.130247 
-0.143596 
0.145554 
-0.092782 
-0.280705 
-0.015535 
-0.330594 
-0.050453 
-0.081429 
-0.294929 
0.111699 
-0.034135 
-0.061039 
0.031696 
-0.141498 
0.032906 
-0.049564 
-0.124691 
0.031889 
0.027639 
-0.077081 
-0.018914 
0.156774 
-0.060693 
0.157913 
0.146000 
0.036097 
-0.157474 
-0.383381 
-0.185933 
-0.079801 
-0.135025 
-0.085335 
-0.329377 
0.053407 
0.064311 
-0.315463 
-0.088538 
-0.066438 
0.318421 
0.072581 
-0.324245 
-0.198592 
0.147987 
0.209768 
0.023448 
-0.073727 
0.071568 
0.228838 
-0.016988 
-0.097717 
-0.147858 
0.015574 
-0.025288 
-0.103858 
-0.172973 
-0.144238 
0.195312 
0.029719 
-0.163904 
-0.054238 
0.034330 
0.097557 
0.026281 
0.064140 
-0.126519 
0.049037 
-0.023957 
0.017445 
0.048632 
0.132719 
0.041769 
-0.085212 
0.010375 
-0.004218 
-0.156173 
-0.174273 
-0.100572 
0.229036 
0.534661 
-0.132253 
-0.053564 
-0.093479 
0.175785 
0.152737 
-0.091419 
0.127098 
-0.002624 
-0.115609 
-0.083607 
0.103849 
0.177849 
0.153860 
-0.175992 
-0.131487 
0.262800 
0.087585 
0.067893 
-0.322113 
-0.146472 
-0.118644 
-0.401024 
-0.118877 
-0.030859 
-0.129726 
-0.247184 
-0.535843 
-0.102289 
0.017009 
-0.182575 
-0.041480 
-0.480630 
-0.193514 
-0.205932 
-0.007266 
-0.070783 
-0.276053 
-0.288643 
-0.144894 
-0.121632 
-0.197612 
-0.000763 
-0.041307 
-0.051419 
-0.120665 
0.150581 
0.187622 
0.300308 
0.027076 
-0.139935 
-0.101556 
-0.015902 
0.310086 
0.117276 
-0.074904 
0.014198 
0.032372 
0.170666 
-0.078488 
-0.170070 
-0.026788 
-0.106876 
-0.124485 
-0.118281 
-0.008881 
0.217611 
-0.089471 
-0.355771 
-0.007766 
0.066572 
0.040806 
0.176227 
0.181918 
0.056688 
-0.121823 
-0.055091 
0.014608 
0.088490 
0.152916 
-0.285668 
0.064238 
-0.061152 
-0.094873 
0.020098 
-0.008358 
-0.029745 
-0.217657 
-0.060834 
0.107058 
0.230520 
-0.081080 
0.013138 
0.072533 
0.075936 
0.048632 
-0.173075 
-0.159480 
-0.050572 
0.077329 
-0.106928 
-0.047695 
-0.042685 
0.049357 
-0.224544 
-0.204279 
-0.008526 
0.128077 
0.120751 
-0.175636 
-0.216986 
-0.069952 
0.066727 
-0.171915 
-0.069634 
0.086678 
0.100607 
0.018200 
-0.053273 
0.049352 
0.031912 
0.142191 
0.017464 
-0.206825 
-0.101541 
0.211243 
0.142693 
-0.020719 
0.003784 
-0.098686 
0.091628 
0.102048 
-0.086275 
-0.175505 
-0.024747 
0.127121 
0.210584 
-0.069938 
0.163624 
0.159109 
-0.024354 
-0.048292 
0.112814 
0.469122 
0.059591 
0.114276 
0.214773 
0.037182 
0.271154 
0.285937 
0.180604 
0.094798 
0.111930 
0.400883 
0.151418 
0.187480 
0.193153 
0.202676 
0.187112 
0.001582 
0.046046 
0.102187 
0.121519 
-0.038144 
0.065757 
-0.031589 
0.028501 
0.207009 
-0.231785 
-0.079605 
-0.163483 
0.027345 
-0.186205 
-0.047068 
0.037081 
0.285314 
-0.042221 
-0.077007 
-0.045374 
0.015177 
0.072806 
-0.093422 
0.145415 
0.052814 
0.234180 
-0.058641 
0.079205 
0.322555 
0.222528 
0.098852 
-0.052457 
0.339006 
0.156814 
-0.018348 
-0.129266 
-0.036929 
-0.141717 
-0.191562 
-0.072279 
-0.094675 
0.431528 
-0.074833 
-0.269851 
-0.272743 
-0.229743 
0.251757 
-0.193193 
-0.307353 
-0.142390 
-0.039870 
0.143861 
-0.148853 
-0.109657 
0.015991 
0.093632 
0.083187 
-0.432535 
-0.111208 
0.109872 
-0.042075 
-0.201731 
-0.159847 
-0.360508 
0.002222 
0.084563 
-0.066116 
-0.303202 
-0.408974 
-0.257099 
-0.064258 
-0.024814 
-0.109432 
-0.314212 
-0.163593 
-0.123219 
0.049313 
0.086463 
-0.156834 
-0.253047 
-0.112006 
-0.071018 
0.059020 
-0.031382 
-0.111821 
-0.110248 
-0.160226 
-0.188381 
0.222858 
-0.538805 
-0.229727 
0.282833 
0.246824 
-0.358818 
-1.051966 
0.452680 
-0.472248 
-0.530281 
1.377206 
-0.097385 
0.052452 
0.073307 
0.397576 
-1.017699 
0.269478 
0.370891 
-0.046348 
