320 10
-0.0591359126881
0.13322742522
0.145144344542
0.0128816562851
-0.137000837374
-0.169294224543
-0.0307033418506
-0.000239614388341
-0.088432718683
-0.149614236535
-0.0506160065566
0.0235287482624
-0.00360913100173
-0.165231625501
-0.0763361184985
-0.0210600059011
0.240099335108
0.151297571686
-0.000797651603739
0.020365381438
-0.0784958691343
-0.0456333407079
-0.0371924920885
-0.091559133558
-0.00604251442046
-0.0822845141035
-0.0979586039829
-0.0600876763722
-0.0335822667416
-0.0266830909752
-0.132711651797
-0.039467014601
0.021744566043
0.0362983703758
0.0727396659695
0.392086893008
0.00774524369608
-0.188843259043
0.177146032863
0.381165877877
0.13901569274
-0.0667296916101
0.0419755644086
0.159636542039
0.0789730703341
-0.111725380414
-0.0338974473776
0.015800812164
-0.059210628011
-0.040069785242
0.0389851555234
0.190807694046
-0.0714751000056
-0.103126364867
-0.0339074387519
0.138507952485
0.00813304660948
-0.129517641615
-0.164426409533
0.106855951011
-0.00378975713434
-0.0238757323028
-0.0405304662254
-0.0731040682228
-0.186817011179
-0.0656990442615
0.123530191771
-0.123089027385
0.294042972794
-0.00323553256428
-0.0709443430113
-0.111795687989
0.00179916994916
0.0287132522251
-0.151779475312
-0.062347257857
-0.0816166072524
-0.0726108172846
0.0136855586176
-0.0180914866541
-0.0625823693601
0.0256814664188
-0.0521063345922
-0.0761587843043
0.0903350127121
0.0371035260114
-0.0189138484986
0.0345028193587
0.0912017766255
-0.076505632586
-0.0271686300325
-0.00535847156521
-0.0398858509103
-0.0355933392813
0.031561711871
0.0894163787844
-0.0165854546157
0.085953881148
0.0993627256597
0.170772612776
-0.0638756733613
0.0333821503897
0.0893619605159
0.0857001941217
-0.0538758237169
0.0553463501192
0.0476966594777
0.0364855562647
-0.0129890595051
0.101302813412
0.0266013983601
-0.0294563865735
-0.0734530752549
-0.00345214151776
-0.0267097432566
0.0990562608731
0.124123132674
-0.0629062372613
-0.14525548002
-0.0277368925209
0.0286871051569
-0.111813071448
-0.190208885639
-0.0877679160126
-0.0591611138418
-0.0968058901913
-0.0995329338758
-0.0297219538854
-0.00291550316775
-0.0199386023504
0.0895251716101
0.201658413316
0.220225850352
0.12458766243
0.0217662996645
-0.0667182723857
0.288556902635
0.144759016422
-0.126555604459
-0.15712972835
0.0870890409073
-0.0815641840875
-0.0575764440332
-0.113252941258
-0.252288248575
-0.210050975462
-0.065660235356
-0.15575107343
0.00623507731874
-0.140959174123
-0.0739150139064
0.018141317139
-0.0338650300407
0.0345129105713
-0.0802725236294
-0.109274774247
-0.229095447204
0.0219730543526
-0.0656858609087
-0.0833063360911
0.069253461356
0.135729090298
0.173769775965
-0.0165646447043
0.00225684310642
0.0685669202137
0.0849305592823
-0.0164931421243
0.0567064249179
0.00144338866163
0.0792462711437
0.0948476080396
-0.00960211894889
-0.201613010257
-0.166630906141
0.0891802874329
-0.0690106391844
-0.0501945953876
-0.0763744671898
-0.0280827375252
-0.0412311490637
-0.0946309423312
-0.145490475761
-0.0961338050009
-0.0986155027276
-0.0625006302977
-0.114276122126
0.0177075548088
0.0163623461251
0.134468416595
0.098510536306
0.123778640295
0.0063284101468
0.141282047705
0.16468849398
-0.0495347386333
-0.099268657153
-0.123396388112
-0.22622619515
-0.0572184063009
-0.0572325332098
0.0213662734524
0.0493789880383
-0.12797911775
-0.164287450625
0.124741648409
0.414552614402
0.219851437344
-0.108347515511
-0.0382015577864
-0.0176485351687
-0.0614768840866
-0.0348527181936
0.155815010273
0.135732721472
0.0633292570394
-0.196352160792
0.0485176770451
0.364626176167
0.297343441275
-0.319525060789
0.0700551216984
0.108292807859
0.067403576422
-0.0235158202386
-0.148561763288
-0.00575520374468
0.101848252295
-0.0557630840914
0.251074666652
0.0698518565152
0.1728224755
0.00863656418239
0.204738007226
0.136784447307
0.131278443549
0.145435873264
-0.0872516306501
-0.0581453226848
-0.0672027325081
0.247693941338
-0.0309584194503
-0.0235912031168
0.146097803399
0.233963009272
-0.0123244214793
0.0289599870192
0.0775639753787
0.201379849374
0.0423027229907
0.0580009333501
0.031436455565
0.146295258837
0.192380837018
0.0915626073997
-0.0265108876537
0.0290169204982
-0.0395171619951
-0.0423898371176
0.0290183922541
0.050442748937
0.0310865919232
-0.0848596821765
0.0267906043649
0.0164849347193
-0.0427763431919
-0.13930012793
0.135915975126
0.0727611026945
-0.00978892468541
0.0538063401348
0.0645962305312
0.0446943409758
-0.0937117745877
-0.14234800082
0.0122689676713
-0.189753407883
-0.0104641676434
-0.0921115961515
-0.117227927882
-0.0769304088018
-0.0947556948074
-0.135398302369
-0.104463152778
-0.088782240048
-0.0438685486416
-0.213109984023
-0.189286889882
-0.254803560169
-0.278431035983
-0.256385000858
-0.0705904205692
-0.21772432635
-0.178105954802
-0.0462706501591
-0.00628333406964
-0.127318741545
-0.0622547529684
-0.0153525089287
0.107252521813
0.0933973077136
-0.12926789132
0.0329527610881
0.0834660552044
0.027555990138
-0.153759397802
-0.220274985232
-0.0845337583369
-0.113791267368
-0.205475872216
-0.0639688579033
-0.105546213101
-0.109936039098
-0.0394032296077
0.0296022743889
-0.103425262146
0.0662017492267
0.212253094823
0.318406662716
-0.00176049568115
0.334006533737
0.0670203117167
-0.00925800993105
-0.0224100434035
0.113951232302
-0.0703356301107
0.0655006298157
0.245049059175
0.0192951639819
-0.089188496671
-0.0407199099048
-0.137605307429
-0.0378835055774
-0.0382899433562
0.052404096544
0.136179087052
0.112483789992
-0.0247120530287
0.0626180501619
-0.0477839356436
0.037505266666
0.0525044717878
0.0605044991905
-0.149667156142
0.00230955899675
-0.196092067983
-0.0379718077097
-0.115944910605
0.00477480483709
-0.0685467805426
-0.0502351685676
-0.0115655271105
0.221339742246
0.0721927098602
-0.0434348754552
-0.206586436973
-0.122370281084
0.0440335215233
0.0113194219459
-0.0908636660806
-0.0885091847762
0.0370167003869
0.145702195091
0.0473730745923
-0.0612562085245
0.0650028721452
0.389310842141
0.154750967024
0.017277535041
0.0709204474252
-0.0314001235508
-0.204449540382
0.0206922244943
0.083396212439
0.000497868099827
-0.195480800868
-0.0188539171975
-0.187490998746
-0.170117911675
-0.217632199058
0.00650194212478
-0.0966035889622
-0.255677343607
-0.158842383709
0.0757076642666
-0.0104407242254
-0.00562707155046
-0.263517855552
-0.0021076852967
-0.0873941056178
-0.0860411004524
-0.385145813529
-0.0694360947454
-0.132988302346
-0.14496064404
-0.289979180765
-0.0459351291371
0.00680003080052
-0.153559651779
-0.303266733344
-0.00771319647024
0.0914281654461
0.0518466260727
-0.0135223468824
-0.0501233369989
0.0109004573122
-0.00498872337651
-0.138943282391
0.0253944586588
-0.11571603172
-0.141686519139
-0.171087201634
0.0398834407737
-0.0922605661445
0.00841807940576
-0.123806189884
0.0609698681247
-0.0560243446165
-0.106233572403
0.0399362268536
0.173638208552
0.023567123126
0.12736004545
0.0507825611402
0.129101369421
0.0345152379678
0.0592719312322
0.0903426671737
0.148248698753
0.0765328020247
-0.00132264674627
-0.0644882845488
0.131802024651
0.00467402552954
-0.176720481054
-0.220913799978
-0.0979797192391
0.00148228388767
-0.126275180003
-0.288302852105
-0.00184970148437
-0.161885061155
-0.187914367386
-0.22363046388
0.0997057093048
0.0675133663643
-0.123154498569
-0.263452908859
0.135697179415
-0.268666276535
-0.227847984548
-0.110982393321
-0.109046287633
-0.174337481871
-0.172038488921
0.0149357930291
-0.0511578314973
-0.125014368584
-0.125306519248
0.0516650889478
0.161982927382
-0.0550453407501
-0.191772652042
-0.0416650760085
0.0164722033368
-0.0714895648862
-0.0326769969101
-0.0375489767283
0.000264309397777
-0.153508856019
-0.100687918794
-0.0001793374248
0.186527507873
0.0663655746967
-0.174512530962
0.0476359993152
0.0381233671389
-0.151472450618
-0.245993098941
-0.156449257383
-0.0389597803111
-0.132357801398
0.048104069511
0.204702351973
-0.0123619353218
-0.179816265094
-0.139114754333
0.0343930628234
-0.17755611398
-0.171844510392
-0.189350954663
-0.0676948102834
-0.15269518122
0.132198181118
0.0840611664043
-0.00873590134905
0.163943796432
-0.0536589886547
-0.296913980654
-0.144026437783
0.00972232511856
0.0511062237018
-0.0576512499927
-0.211639241915
0.102033405127
0.231540093293
0.295881669522
0.115183667968
0.0875396878964
0.0847314928978
0.359033776121
-0.0573143271079
0.0773895128484
-0.186692851497
0.0153204206693
0.00534635463873
0.117844410582
-0.0916991834211
0.00893902223803
0.138323722051
-0.129563072257
-0.0904146951835
-0.0994834052336
0.00867026324695
0.043227947852
-0.0075857599387
-0.158516300675
-0.139465975982
0.0790147196971
0.08205581669
0.228547002415
0.103479841395
-0.0472847640691
0.0271389192763
0.109192012214
0.260980737362
-0.0531916794815
-0.120995503503
-0.0443797442399
0.0920682363909
0.0694467148942
0.0237278370742
0.0334472876427
0.0604365454309
0.0907056804251
0.0358096336051
0.328691259981
0.279163715155
0.0950666860141
0.273990786693
0.267193114653
0.339478464324
0.102394275028
0.263015057433
0.357343277766
0.375385336752
-0.14592400242
0.274007819434
0.262711022523
0.119981127537
-0.259196476239
-0.152240948439
0.0556138083248
0.204468882464
-0.250207578287
-0.00460745988184
0.115225429412
0.0863955554472
-0.256051054727
-0.12802501393
0.0252213122509
-0.023044820564
-0.148298560576
0.0154573760151
0.0162780226249
0.0735463783231
-0.0654888070116
0.232676020056
0.201207582202
-0.222002362897
0.108111273995
0.281676787337
0.348007154074
0.119331663623
0.119379087082
0.440850468578
0.403169097879
0.014082804387
-0.0308295201747
0.196766206806
0.190355839245
-0.0146421531105
-0.0563706533711
-0.0321307118779
0.0199874895549
-0.0203171449725
-0.0817421693045
0.0492113170592
0.0161718212399
0.00743642154308
-0.142346942414
0.138048306254
0.0319222512091
0.119990075907
0.0270741457975
0.101645143073
0.156283478769
0.215940440952
-0.244434165178
0.0406317479498
-0.0489486350065
0.190175901559
-0.321142877773
-0.0930364944781
-0.0237037719047
0.0311102679716
-0.061567592439
-0.100386105912
0.0178372438685
-0.0237693138213
-0.153766475606
0.0519468191252
0.00403126312531
0.290601980764
0.0640436990688
-0.103557130555
0.0551681614512
-0.329141319483
0.109755092952
0.199682384887
0.131919076695
-0.209994590574
0.136052032609
0.0983224699413
-0.00911431973514
0.0356910201577
-0.0615798473941
-0.127918039776
-0.183049428231
0.0550907763203
0.0261998531478
-0.104224255525
-0.236146921851
-0.0366879994025
0.0361236836255
-0.0316999426985
-0.211957203111
-0.128798472977
-0.085842148532
-0.104641554143
-0.113584456209
0.0185338387178
-0.0948849837183
-0.00419187923963
0.0407332034903
-0.0199513995476
0.101924683686
0.136219814001
0.0080117215627
0.0605320762456
0.234648811447
0.143073249798
-0.0355815655246
-0.058082562849
0.291351114075
0.0913011300158
-0.0105910422072
-0.0444582620314
0.25651252048
0.192179939983
0.0154442507208
-0.0182835076733
-0.0294938381699
-0.188691004595
-0.105221590849
0.0353889929823
0.0410801375865
-0.0709896529716
0.0508324322585
-0.0347019861608
-0.0469023003216
-0.0294609446306
-0.03280888489
-0.104748809865
-0.0866463367356
-0.0754681744197
-0.0347811475429
0.00434386141141
-0.152368487504
-0.125730345385
-0.0911821318083
0.151411780516
-0.0106954752767
-0.0107999137483
-0.100004004546
0.142919192554
-0.138264869194
-0.0658067288156
0.040977559728
0.24737947512
-0.11048319466
-0.103556863012
-0.020312089407
0.319442237407
0.19084961266
0.156717776009
0.127345883901
0.187723102031
0.261938444817
0.161833507175
0.101610950238
0.0582281424271
0.154414709845
0.0363586298403
-0.0613129908706
-0.0579411872473
0.166453277905
0.146751601873
0.115422721473
0.179707244797
0.0401998115098
-0.083069924964
-0.142436697843
-0.165773823325
0.0392353274283
0.0114681770727
0.12389923753
0.143223224042
-0.0775082986257
-0.130012202259
-0.0793862727446
-0.00248398857473
0.0500482943688
-0.10068803427
-0.054943058384
-0.107113287649
-0.120434858848
0.0296313989162
0.0699870264604
0.0913921186264
0.0485565084844
-0.125759551244
-0.0879092676539
-0.0133203590928
-0.0620608461645
-0.133464015784
-0.0859879944179
0.0289149596308
-0.0350406401933
-0.10005686301
-0.10940972189
0.058711874159
-0.134510317624
0.135980768614
-0.0252698979419
0.0558433852445
-0.0636277679398
-0.18495444978
-0.128835892192
-0.0139740645847
-0.137760699686
0.0389838293423
-0.101104273453
0.0799587096074
-0.01146142741
0.0552412180957
0.0111965617231
0.0500575330855
0.0818994514264
0.100099174378
0.124580796335
0.110100299627
0.145882847683
-0.122608749236
-0.0852549086857
-0.156093986775
0.1338032818
-0.190112452652
-0.0146207348407
-0.060758563221
0.150962587156
0.258131637491
0.171581903649
-0.0473537174013
0.0248476357968
0.0723316368639
0.102349834807
0.190075932341
0.096842082875
0.121027890321
-0.00129687079824
0.0669181949664
0.172874919745
0.0856307500797
-0.0476769632871
0.158981229075
0.00613922610624
-0.101864712832
0.0602836073135
0.169701201231
-0.19982068022
-0.0115976538304
0.0479190163999
-0.143396038269
-0.134750047019
-0.035634346701
0.0783350292683
0.173552243875
-0.0210199461651
0.00650857409616
0.109173504832
0.313672337551
-0.151352156559
-0.0809111697474
0.00335721601904
0.149267624889
-0.0109415839716
-0.0272137909078
-0.0252187028495
0.169485787845
-0.147297797471
-0.0294372231409
-0.0130726723633
0.153694177379
-0.096154213469
-0.134819924242
-0.164597208564
-0.0130196354682
-0.117764105204
-0.044849918402
-0.009018624314
0.156479521935
0.0390632439481
0.0245736791643
0.031230052633
0.0746236063888
-0.0758265415665
0.0436432907804
0.277585403263
0.108559658081
-0.154287628977
0.0304121794844
0.0510106938959
0.0720589033211
0.0384260414041
0.0535919107238
-0.00662204153634
-0.121183384572
-0.0353519437519
0.0534190000983
-0.0786899155709
0.00713406997596
-0.117755207994
-0.10662151741
-0.077325381362
-0.0526699504466
0.01638413016
0.0149093521356
-0.0043410136193
-0.0153043864131
0.178808103706
0.0334668244648
0.115889400886
-0.10129625889
0.19271564174
-0.0266874439445
-0.168168524164
-0.156695883516
-0.0497631104362
-0.00591103592956
-0.0893822759325
-0.140063564318
-0.0299359426214
-0.00323989264822
-0.124373099024
-0.0539985031479
0.00132312835099
-0.0630515505163
-0.184705442324
-0.178728091614
-0.079308629335
0.161609354586
0.0858680886795
0.109833501971
-0.0445024635493
0.0688314423802
0.0620638714364
-0.0194185577847
0.0570956809329
0.0331854147895
-0.0941362264229
0.0102543705062
0.126674651585
0.108537247081
-0.0143482603975
0.139111978506
0.0350722812413
0.0985408385036
0.136552360296
0.0796689187554
-0.0237584737314
-0.060712155236
0.115309403486
0.0867415165289
-0.0798326220366
-0.073864254165
0.0191430808228
0.094341823842
-0.0325174050011
0.0308975771113
-0.0461352578224
0.00828360040287
0.134712234514
0.0013147926217
-0.0712308049886
-0.0549950715563
-0.0712866668262
-0.0573046084359
-0.0748574422928
-0.0908457434666
-0.229837126042
-0.0250866059052
-0.114019207665
-0.15028247034
-0.0933381242973
-0.0424239276324
-0.0987114432178
-0.106898017415
0.163419848169
-0.00368998840884
-0.0843913793683
-0.0686825482481
0.118056772043
0.12764189641
-0.118919811337
-0.1702333772
0.132532119261
0.209502585635
-0.00889341256249
-0.179845289357
-0.0457378904361
0.193252104518
0.054964571418
-0.403251635263
0.0749356204577
-0.123817422653
-0.0681726285134
0.161663104269
0.00595806823562
-0.0597349411917
-0.0340575166383
0.1606417427
0.0046334105358
0.0504118557358
0.267513255386
0.066115360318
-0.0355899754292
0.0906597974097
0.210889532457
0.0724025868312
0.0280664457236
-0.0392270157661
-0.118910102536
-0.007122037243
0.128347937432
-0.0595588462024
0.00812511322205
-0.00905958904041
0.181270830451
-0.0866994648274
-0.0548535482435
0.111245696112
0.331807230525
0.0156871209681
0.0255129902869
-0.0331523208817
-0.185563223699
-0.129310206247
0.059103192739
-0.0504884096818
-0.0979202295598
-0.000470625293241
-0.0122997477231
-0.00030917077307
-0.0342580157373
-0.0295539877771
0.0113298658935
0.0704469812557
-0.0429367078899
-0.0417593084126
-0.0222870955191
-0.0504675943041
-0.189857480293
-0.114245382492
-0.0442268277308
-0.0531709371958
-0.131306131154
-0.0320465198044
-0.012724864207
-0.0131044125025
-0.0794139352532
-0.103648340846
-0.112685888842
-0.0542266998879
-0.0894717395519
-0.0675320224284
-0.178379955544
-0.0740991224318
-0.085196966694
0.00515207373008
0.0561469984548
0.020441378052
-0.0756012568343
0.102344016941
-0.0233003438291
-0.0321152196445
0.00492437581773
0.133760852913
0.0289813283021
-0.101461140062
0.0181653568996
0.0303644192509
0.061904043643
0.00960304241709
0.0304225155472
-0.034956257659
0.0198264950804
0.0368243675404
-0.0654992806441
-0.00791222012743
0.019548288083
-0.0197430035891
-0.0419116483541
0.0751625211694
0.164015492839
-0.0449547923058
0.00334103441125
0.0204043575902
0.0707741422243
-0.035804095524
-0.0626108468091
0.0103691389367
-0.0751164201528
-0.0302500706179
0.0212692441559
-0.0706320846576
-0.132580057507
0.00633914331728
-0.0877541929937
-0.00282947501481
-0.0376763673413
0.0272156618197
-0.0887814775411
0.134906437772
-0.0577677260962
0.00745605160836
-0.0346966924607
0.00463105309879
-0.0581223110449
-0.0330090910327
0.00684173622151
-0.117208791738
-0.00486078178051
0.00601518950892
-0.190070245358
-0.214362381471
-0.166759888699
0.0256144159873
-0.0408576023176
-0.10904052717
-0.0312630145886
-0.0747188769033
-0.11298076644
0.0717587805595
0.059499382146
0.141595571942
-0.0407470059865
0.149509179843
0.226126305221
0.233210420918
-0.0323349451673
0.170673981546
0.237795382789
0.233026154288
0.0118526196681
0.0970223269174
0.0148588335344
-0.0291685295212
-0.0328898818528
0.00330350122788
0.000479045491698
-0.0243498280111
0.0973321657001
-0.0343549721006
0.127649364954
0.0859828678903
-0.0255376583529
-0.0112908461165
0.0417411422408
-0.10613788886
-0.0690370905232
0.0811815194918
-0.007766912107
-0.13834690181
-0.102251642288
0.089098317023
0.0375053807355
-0.0891732803124
-0.0381851450942
0.18901642728
0.112798304687
-0.0845754866991
-0.146513316591
0.0577898535841
0.0689420686359
-0.0368167142907
-0.0963417663199
0.0132558248958
0.126231660346
0.0666319874013
0.0687382641836
0.0419387065618
0.0662913090471
-0.0751413134802
0.112240647836
-0.0669444771573
-0.08699295077
-0.118436179112
-0.114509981836
-0.0101914197705
-0.021239774659
-0.100863741439
-0.11642806489
-0.00409208301441
0.0367497182751
-0.112491943459
0.13661880237
0.124084974591
0.0555356734231
0.0243406161568
0.0462094706702
0.130793099158
-0.0875183956741
-0.00104360484992
0.109214187665
-0.0523059385412
0.0190120284805
0.0778702222096
-0.0300993569957
-0.034523198451
-0.0503872747412
0.0646546781588
-0.180686683576
0.0679548990113
-0.0506860961503
0.0298687872364
0.0529021215913
0.0131796681919
-0.0713728347985
-0.0353443764609
0.059060049878
0.00141185932106
0.020982693926
0.183667468338
-0.110767574404
-0.0162100305858
-0.0182189361923
0.0868561369169
0.0278627333718
-0.137102321448
-0.146780507042
-0.130856054464
0.134147641489
-0.133236156725
-0.204008024187
-0.0980351718813
0.0507535555649
-0.00836415976218
-0.133958777627
-0.14098429884
-0.00757618041098
-0.0133077032275
0.0372010676088
-0.11026714814
-0.0393727014419
-0.116369175551
-0.0383557652537
0.00693131449243
-0.0811155571523
0.0048334884601
0.0238060638414
-0.0240497635152
0.0600119942823
0.0119428962706
0.0176273821343
-0.0222672266655
0.100409686592
-0.00916840788188
-0.0601091229114
-0.0865145613554
0.102655126306
0.0466462111203
-0.001837613409
0.0115711751569
0.0924983543387
0.0237960399331
-0.0958324809032
-0.0368805996064
0.0752939594919
-0.0544608919256
0.0302597432409
0.0766323854743
0.153778905143
0.0496729372964
0.0348522118648
0.148619479461
-0.0439091589805
-0.16319134652
-0.0498193734555
0.0306009575225
-0.046866809381
-0.112558637445
-0.0738014246136
0.0273356122832
0.0438415860654
-0.116202723638
-0.192223395633
-0.02103654509
-0.0119689955125
-0.0343402185569
-0.0974872825193
0.0651049256008
0.198279091633
0.133559543951
0.166178240224
0.077680389535
0.164992200755
0.074329726016
0.039733581586
-0.0267600990705
0.206940338264
0.0143233843137
-0.104099590099
-0.10440898612
0.0682734085171
0.0169403914666
-0.0376550983166
-0.0114001695351
0.0354971484193
0.078039816055
0.0716580306938
-0.0674546696491
0.0416326248
0.115675182945
0.0724125024439
-0.0300797766907
-0.0113550538805
0.0192127829716
0.034368059707
0.0846275787739
-0.107551020478
-0.0940243486292
0.0411543175546
-0.137917169013
0.0780646528736
0.0601840427831
0.0654952811533
0.0524712849694
0.0614080491356
0.0018949390614
-0.0525394396912
0.0342696368055
-0.0438185315058
-0.0457676395742
-0.102880648843
0.040383758871
-0.0411124437394
-0.100669973665
0.0306340416423
-0.0622102090462
-0.174120146192
0.0549182576537
-0.0970213558998
-0.029185715009
0.0576597012913
-0.0160007279683
-0.00519209052581
-0.0705711252695
0.0401828824267
0.0893257996556
0.0491139684616
-0.122126194557
0.0786474291698
0.168872575874
0.0205117945919
0.0410409523687
-0.0980215719041
0.0605948698263
0.0654367699695
0.0767657643414
-0.188644702646
0.187913719699
0.304531219375
0.161584189651
-0.0792984266649
0.184757689458
0.344333563522
0.37117131915
-0.0725795277016
0.242612770248
0.18645636853
0.163734546771
-0.0844221211814
-0.0469844771029
-0.0991659403613
-0.076222547304
-0.0525282220784
-0.0801611450224
-0.00811732751138
-0.0378379199367
0.143981496976
-0.0816331929749
-0.161393030825
-0.033347071355
0.0631909975446
-0.11607479589
-0.0884287590276
-0.118000857118
-0.125939887422
0.15678056493
0.123216019424
0.242296825624
0.0241229266416
0.253509946636
0.018688934936
-0.0640502367907
0.0120848293711
0.287395545618
0.266707359085
0.00885238621605
0.130300476567
0.0355888170074
0.0812631576961
0.124831040086
-0.124946291583
-0.0314043427753
-0.0585492953869
0.14899010388
-0.198521561263
-0.0112038408463
0.122084354762
0.350405100983
-0.0916795964582
-0.0490526229716
0.109683576608
0.405510982096
0.010334622635
0.0391346098377
0.185057697183
0.295950578586
-0.0292729435924
-0.0067829343652
-0.0856178667193
-0.00599617526039
0.180398971719
0.0119995349214
0.200967549711
0.136332789465
0.129498956028
0.109132347398
0.131648253309
0.104854422655
0.0284937115613
0.0905792152486
0.126508961526
0.202538678915
-0.00530512124552
0.0658571519694
0.0707623313978
0.045192241826
-0.186241674927
-0.127085847912
-0.108990988737
-0.0692316366122
-0.165343438791
-0.115374537458
-0.0886891910409
-0.0570205619723
-0.176464261952
-0.172654017135
-0.153133481079
0.034328195178
0.232281481078
0.038696893768
-0.0417915321537
0.0481794898013
0.390910647626
-0.0583413674653
-0.121435487426
0.116359342901
0.324590937894
0.0143726042491
-0.0837391612738
0.135894476304
0.11560963832
0.105252945683
-0.0287094445872
0.0653019070064
-0.0958901241586
-0.0105497747613
0.0676491299391
0.0284257010225
0.146723257347
-0.060406201933
-0.0815078002325
0.0283169701536
0.0954911293861
-0.0771438659504
-0.0899970281313
0.163123615411
-0.0138546821139
-0.0819416648975
0.0037720729539
0.0469329661128
0.107662294029
0.137787546323
-0.0261327027732
0.141458397855
0.0803865735876
0.099981391986
-0.0199716951249
0.0744876571563
0.0114417243583
-0.00014540289116
0.0193399280568
0.0697399051929
0.0777625072396
0.153048575381
0.165662983655
0.118911897044
-0.032289671873
0.0266794790413
-0.00549668952421
-0.189003183621
0.138451769588
-0.0360619995126
0.0569615756744
-0.02717829693
-0.16556085152
0.00837235018723
0.0694024698619
0.100720845536
-0.125205306688
0.0367332892902
-0.0606593244754
-0.05816982686
0.0101935663112
-0.0401221371934
-0.0071718652735
0.0559102128619
-0.101385686638
0.0228323170792
-0.0631024445194
0.0663551009713
-0.0617496220238
-0.160117691027
-0.194795623477
-0.218226091216
0.0705015097134
-0.0782320104787
-0.110588061071
0.0377542860238
-0.0182099997634
0.0268213752316
-0.130025796699
-0.0162617348401
0.0947355466262
-0.000824661559681
0.0242058986369
-0.0503129235328
0.0501129354508
-0.090684756739
-0.006123546375
0.00778180425694
-0.15071254558
-0.106416851541
-0.0297168397238
-0.0422220518475
0.182538822962
-0.139775742469
-0.209755860206
-0.0052798192879
0.0898295048034
0.0263338848118
-0.147302707626
-0.0503986822297
0.112811158361
-0.0355385301482
-0.0891726058828
-0.107266330941
0.131899552563
-0.134015080753
-0.185713636304
-0.224038206975
0.0181443217721
0.00390830143238
-0.189996054242
-0.124377879883
0.0262698840991
-0.0603813151699
-0.222362409665
-0.177880079947
0.099673040278
-0.0582388523409
-0.171885062427
-0.21502859654
0.047683237752
-0.0290083513874
-0.080793214206
-0.183481764665
-0.0565271440833
-0.0735786276047
-0.106453853514
-0.100773641426
-0.142362672339
-0.0933813039663
-0.0992946704969
-0.0812454976475
-0.0902625159609
-0.133926585944
-0.141862720189
-0.106810429469
-0.264212756343
-0.107331887887
0.0280353321843
-0.0239549547714
0.0253074827359
0.093930020449
0.0248876314493
0.0565009434494
0.0699906660486
0.0096881677516
-0.0874415809815
-0.0354619779936
0.016857521706
-0.0968279037881
-0.174954940943
-0.044223228034
0.0183167991972
-0.0788692437302
-0.0986129802536
-0.0123652556669
0.0144014596501
-0.0331647728432
-0.0283801125246
0.0481504033314
0.00121882764966
-0.143455377288
-0.189870888008
-0.0805881809665
-0.252934095581
-0.164008545933
-0.18651783724
-0.0447403197995
0.119183350246
-0.0996797681373
-0.213936078376
-0.0467406860106
-0.0758571980495
-0.0109354745779
0.0884188647135
0.0259200348454
-0.119002460757
0.01786711256
-0.0521564250504
0.0753466244788
-0.0108667574758
0.00342139242797
0.00623529655134
0.159052651059
0.0444098784753
0.0802021128466
-0.0645187514908
0.0867803454242
-0.182993669348
0.0469596866246
-0.0443290182262
0.0855438000434
-0.0775882898073
-0.145055426399
-0.00215258529545
-0.0432963080564
-0.0840895166402
-0.0116131439735
-0.0611010882038
0.00668984395107
0.0897946579043
0.277672005124
0.0649059032046
-0.139816324262
-0.0235073367212
-0.0655854176537
0.0191108023091
0.0358414342546
0.158498245365
0.00155822214176
0.0669221777653
-0.0875346841873
0.150873910019
-0.0162174304971
0.169338747596
-0.0155487313472
0.178371110315
0.0641211581574
0.0100243575837
-0.0325459977126
-0.023307089208
-0.108486775905
-0.0859070904004
-0.0424371153517
0.115510713763
0.029336107501
-0.0427003167608
-0.0606278518002
0.161840468234
0.0888688309223
0.0879061303533
-0.00561038505068
0.220072264767
0.0946652960862
0.0315868679346
0.0125312421618
-0.0867572237737
-0.058006167525
-0.106295492664
-0.0133134639278
-0.101926348065
-0.0324477492723
-0.192512808502
-0.0443749084972
-0.104756747092
-0.0667645876124
-0.162179290328
-0.0112191471604
-0.0937135950602
-0.0610327232684
-0.103407230012
-0.100326440226
-0.118281430829
-0.0406824023187
-0.0135740003425
-0.0653820190181
0.00355596140718
0.0599215915962
0.0722508167234
0.0559537731518
0.0174395585471
-0.00580168674475
0.0167049996046
-0.0891214836032
-0.0708040837602
-0.0265251488596
-0.0384639286396
-0.0243836145597
0.243639406647
-0.0525193122544
0.0243048533413
0.194454946153
0.0809094411091
-0.0631027909054
-0.117633180189
-0.0575566628886
-0.0143156236083
-0.00465122557122
0.0112540114877
-0.0160128474496
-0.0328309262622
0.0329642112224
0.110473588182
0.00771022807258
0.00450430853872
0.0024286124285
-0.0749222185634
-0.0357369564029
0.0170002591101
-0.0449357381023
0.018955839232
0.020722198837
0.0460955537143
-0.110865292312
0.100701221099
0.171386645483
0.0134001753745
-0.0843478432212
-0.102433948166
0.03101753939
-0.0149259275529
0.134284966678
0.11591454269
-0.116519632415
-0.167663019522
-0.149830634134
-0.00932517792626
-0.032956238649
-0.178091571187
-0.155718494195
-0.108509067569
0.0267770208412
0.0333559269378
0.0118764348656
0.00532933571129
-0.0509867011303
-0.0866543014317
-0.106861875076
0.0861873428881
0.113363526423
-0.074757198543
-0.020203965018
0.156656184547
0.228770069023
-0.0253944446853
0.203140154447
0.155228192231
0.0890502702691
0.0714810518415
0.0144006619892
-0.0189799735059
-0.0142571222114
-0.0723854597892
-0.0035064954903
0.0593257132114
-0.0683360435522
-0.0301765816135
-0.107955818453
0.165552139717
0.102656243087
-0.148931590335
-0.103487910736
-0.0286905327825
-0.0437667170376
-0.123033966604
0.00979975241723
0.020226099877
0.0371181970632
0.00591691514952
0.0657945388578
-0.0606719381384
-0.0345949159849
-0.215543695781
-0.0203489092405
-0.0815064523081
-0.110349689428
-0.121490375912
-0.0780782220094
-0.0173555928924
0.0765120838496
-0.0517061050233
0.0155219614075
0.21362653636
0.151914430167
0.0464367044479
0.0167775669541
-0.0968354290048
-0.0410107586923
0.106239270326
-0.091687640319
-0.0647302055788
-0.0658473336713
0.0345962453871
-0.00997035005789
-0.041450556994
-0.0531700516314
0.0603140470714
0.0632032196406
-0.0324375796292
-0.18590891186
0.0292279203166
0.090351467766
0.0298831534971
-0.0215925414908
0.108646958918
-0.0246324910272
-0.184066959679
-0.0156031832056
0.0897845633096
-0.165211980448
-0.15182011885
-0.0275054738061
-0.00421927960629
-0.110525251821
-0.112321998302
-0.12670261482
0.00438411768325
0.153378492818
0.147406803024
-0.0624817848733
-0.143077082261
0.000158771513769
-0.00740437043645
-0.0360497129427
-0.0325023272683
0.0230218775292
-0.0200193260327
0.00694938413032
-0.0857584297077
-0.0534929752626
-0.00887790843495
0.227592303993
0.0378744924524
-0.12860001996
-0.327301130251
-0.204004446279
-0.0118115196854
-0.16964168859
-0.15434689299
-0.150840121017
0.00358376570665
-0.0465852505752
-0.129655367766
-0.179344572077
0.0917898386845
-0.0121991401197
-0.108587904928
-0.187779506717
-0.101496708253
0.00947472603106
-0.17775681766
-0.0755637497078
0.144230701179
0.0174948478399
-0.0860054647844
-0.0333825653082
-0.000426231474247
-0.11500705249
-0.0798809782675
-0.0656389483043
0.00640768638509
0.0153598956656
0.0384934426174
-0.14301280137
0.00482923505166
0.0325201688077
-0.0119650976865
-0.0114870202227
-0.027519765186
0.00195280262866
-0.0550406908621
-0.108657004349
-0.0170170945252
0.0279769657741
0.0341314209163
0.0575987166196
0.119043502875
0.112580477299
-0.0577551274789
0.0495612554257
-0.0453376566306
-0.0937447616312
-0.115276877798
-0.0551487349885
-0.0935039520965
-0.190153924491
-0.0693384701991
0.00140890229858
-0.107817758446
-0.0749226783935
-0.119316615101
0.0310002612069
-0.0176649663906
-0.0903461712442
-0.0120078185062
0.14931915106
0.0749993701327
0.125842722751
0.11822094864
-0.0200410467464
0.0870253369205
0.392958795854
0.220310515938
-0.0117482473386
0.137560029446
0.354180299041
0.315656525193
0.0661310868832
0.0383010418121
0.275496186483
0.195447749837
0.0255463467212
0.260151058078
0.166849009194
0.106531434497
-0.0870483836491
0.21551527651
0.167683247101
0.165454170707
-0.028708632359
0.16690485272
0.104847983532
0.0645156890314
0.0512804338705
-0.0449433507204
-0.0845316992873
-0.0483032825429
-0.0271705726383
0.0630762299325
-0.0613877354354
0.00903973525441
0.273359206172
0.16651352937
-0.0943533330569
-0.0802495389078
0.111555373474
0.0665709879326
-0.0902024005709
-0.2690291517
-0.0298186287181
-0.0712140121648
-0.0973612947164
-0.097237837644
-0.0689489259287
-0.0290415284842
0.0880510057312
0.0906642103402
0.0561311155258
-0.131843013852
-0.0583498961622
0.0451525893697
0.140203949395
-0.060807267487
0.189184046453
0.118755466162
0.138333857242
-0.0475735317229
0.179881798662
0.317463696311
0.135302091886
-0.0611983796936
-0.210067944346
-0.0494359319509
-0.0259323018469
-0.112723169277
-0.124980467706
0.058909244938
-0.121507069523
-0.0357608727967
-0.154365322016
-0.0688169452085
-0.108946995534
0.0354395578308
-0.0678175704455
0.144432706204
0.138511010156
0.00645440963091
0.0521962632777
-0.0102499845939
-0.133651896737
0.0855010817229
0.345079334196
0.14141044564
-0.137934763608
0.0542120358515
0.22961286847
-0.110239707996
-0.121914108871
0.14362850342
0.123051839051
-0.125162008462
-0.167713088358
-0.162007857998
-0.153947648098
-0.241243298938
0.0975270105569
-0.0333730938934
-0.0639424295406
0.00761663558297
0.0789711298135
-0.186625145975
-0.171953797512
-0.111525398281
-9.03078796686e-05
-0.121897006447
-0.172225234176
-0.103150026423
-0.0369050552005
-0.0419811891251
0.0948368428224
-0.0455211059094
0.208721566732
-0.0483206348138
-0.0300896819879
-0.118120866272
0.00413218348896
0.0530652623748
0.127520050162
-0.00310786958167
-0.0944424165961
0.0609358690975
-0.0883358279403
-0.0959446900666
-0.0697046538914
-0.0810136318028
0.0508677131699
0.0800642083902
0.0804527624311
0.0597419082295
-0.0885424831517
-0.0674573233068
-0.0896230527187
-0.00952596961741
-0.0532124479561
-0.146070417461
-0.124528784745
-0.0828245987145
-0.147499615293
-0.108806474022
-0.116391040565
-0.186885792481
-0.0929433104953
-0.126556952421
-0.125875764219
0.0215310509881
0.0328314791775
-0.073858483355
-0.0442198057424
0.078162825361
0.177784373151
0.0138665614188
-0.0497769137786
-0.121291317882
-0.115076656359
-0.199322424691
0.0398101419791
0.0775560012881
-0.0148569217549
-0.0461290860616
0.0979177466917
-0.0494775046255
-0.141216424604
0.123978392049
-0.0128635346218
-0.072042659623
-0.0878337880417
0.154800429896
0.137621269979
0.0164341263557
-0.0656535090011
0.0931545161391
0.141214495387
0.36638839416
-0.0284160323883
-0.142269688099
0.127933768049
-0.134812336161
-0.049427109704
-0.169459549531
-0.1064974191
-0.183854672607
0.0787895211014
-0.122459854701
0.0583611560705
0.163255009588
0.0471515883112
-0.0484252511588
0.139361490972
0.116474260795
0.182019548022
0.252604596432
0.147662118691
0.0470142082123
0.238476618238
0.38354757857
0.0448117975162
0.00411500807767
-0.0437458229555
0.244996775055
0.20246294963
-0.104735126108
0.018213116539
0.0429796270389
0.223255206209
-0.0534077925282
0.0948847539745
0.180427537762
0.0529016292962
-0.126549203227
-0.00351084140385
0.276791386167
-0.0402263382804
0.287024528754
-0.0587037700913
-0.000965406102819
-0.0570679721381
0.501370918537
0.118641751759
0.233655355041
-0.0205307913749
0.196793380338
0.0540104492686
0.0430454070069
-0.276363374769
-0.121731393298
-0.0812080290953
-0.102286463039
-0.300468663701
-0.133170660798
-0.0139008237824
-0.129453115987
-0.179276165617
-0.251983802055
-0.0306103981724
-0.142961890097
-0.117829907094
-0.0847115154302
0.0894866206696
-0.0279955876233
-0.0333720933755
-0.149459501738
0.0228921300151
0.0758299753257
-0.0152882149343
0.084250677304
0.127292923738
-0.121940766689
-0.00964358988264
0.0348253145348
0.0305026767494
-0.0547137583904
-0.122514237177
0.0524482702553
0.0583028962546
0.0696196594929
-0.0714096568137
-0.0857478250039
-0.116684887901
-0.0352342437735
0.0269498591301
0.259370898027
-0.0377537012512
-0.0735009825365
0.0125966518774
0.194869456022
0.00980453509476
-0.0692612935482
0.0304195760434
0.105639365915
-0.0299687030789
-0.111801528475
-0.054832639288
0.0410222817939
-0.251425609072
-0.0841756161679
-0.0785658446967
0.0357523740578
-0.144420582939
-0.0633926737461
-0.10107007792
-0.0661769431715
-0.189841841871
-0.205662858776
-0.0934275203633
-0.130985776672
-0.176531694656
-0.00141152343105
-0.0285914861255
-0.186385137619
-0.114806488229
-0.0598872837822
0.00602626923048
-0.178988135969
-0.101515379886
-0.122802173983
-0.0980218888262
-0.0385656663162
-0.22590939343
-0.0427300553395
0.0601544405375
-0.13126332646
0.0172360506663
-0.0261853284955
0.0220897474003
-0.315579625871
0.0544346487972
-0.0425251620001
-0.00777176493755
-0.190547113502
0.0722181852523
-0.0619990386664
-0.0226135342742
-0.261312432164
-0.0620602060195
-0.0532342165342
-0.108459910499
-0.0135486681425
-0.0253501099901
-0.05322132197
0.0285730610749
-0.143230155664
-0.0663516016846
-0.125140148901
-0.145964189744
-0.0684600555278
-0.120482360263
-0.125151239107
-0.0753474690696
-0.0785002451371
0.0522366496417
-0.133081460516
-0.0203104160419
0.354344833718
0.140863464004
0.157202591246
-0.026730581667
0.0550142321535
0.0437681509961
-0.121882883996
-0.0905065506615
-0.164812557369
0.0734435255702
-0.0325658022832
-0.0170885420957
-0.157704758611
-0.130660561752
-0.0217631976254
0.142108299351
-0.206947948205
-0.00457215392736
-0.0190701507292
0.0498738120398
-0.0352160843076
0.0982269490205
-0.0901042732217
-0.020376075194
-0.0866335956425
0.108799402413
0.0892336317774
0.138033877805
-0.112126930538
-0.0408702431403
0.201459438774
0.241026576321
-0.0481178140018
0.227402721242
0.124423154221
0.0513610091958
0.0922883533961
0.12955155715
0.0112179135989
0.0612766833576
-0.050579864973
0.0592265214277
0.0778683169894
0.216308119638
-0.0131684887001
-0.0419750653393
-0.0315351289425
-0.0497947007664
-0.108778465222
0.100227565335
-0.106565809062
-0.186911382795
0.0805599711036
0.170248902032
0.00802768143282
0.0514882418772
0.0851447211174
0.0766692193714
-0.1303710497
0.127707900422
-0.139757106329
0.0706134222882
0.00222584155472
-0.0208013913039
0.0232641441262
0.0261389218991
-0.125034230067
0.097757291657
-0.0118712373623
0.0420969245653
-0.0900011368171
0.0924424470026
0.0277074057262
0.0366676221384
-0.0322950889503
-0.0266491599516
0.141726614812
-0.0924735689841
-0.11942587414
-0.112565370639
0.122099244372
0.00153586348939
-0.010658765232
0.0422721043335
-0.130494323356
-0.153460078999
-0.130778942865
0.0319198708994
-0.0276950403883
-0.0352940050884
0.0326813177766
0.0946504713172
-0.017783252203
-0.0395324712488
0.0571066992562
0.0895868933466
-0.0270762437629
-0.156667649542
0.0474738024867
0.142542415829
-0.00251608395684
-0.0383272888606
-0.0319759621241
0.184566823291
0.0309401415043
-0.219167023966
0.0219497898105
0.206817630905
-0.261876043743
0.0759255053385
0.178441766166
0.268171970403
-0.0704932984094
0.0317799869696
0.183670644525
0.0645073443302
-0.192693348231
0.101228222191
0.341391554917
0.197773627982
-0.104232338181
0.200572886093
0.499989113823
0.188921617665
0.106201143603
0.130885975817
0.237332573985
0.192184379123
0.207547357143
0.228264261193
0.122819617936
-0.0976528164045
-0.0231460006727
-0.169521862554
-0.0670588133008
-0.0350162989619
-0.0798490667794
-0.0810193654482
0.0425987600273
-0.0396369548797
0.00464737355054
0.0376193935954
0.0365868644388
-0.0589173183793
0.0724146342561
0.11835329351
0.0506810120369
-0.0517953624916
-0.0915083829213
0.172917130834
0.109650362356
0.0086270315406
-0.176216826345
0.109842280851
0.0562040464888
0.0178521720774
-0.0240929747436
0.0702827812225
0.0691890051449
0.151305238179
-0.187197510738
-0.00515297433419
-0.0466141025078
-0.0649165828153
-0.157387639258
-0.0508075951056
-0.200072314631
-0.0454133594782
-0.00843865188375
-0.0428110815128
-0.115541339494
-0.179684120811
-0.100158931674
-0.00559636201028
0.0473504976725
-0.121681264625
0.102470180808
0.0545045403878
-0.115360937282
-0.209873144279
0.00957723604882
-0.209680538306
-0.140737472997
0.046377696418
-0.13568166065
-0.0523743160433
-0.217671464961
-0.208373939815
0.0974799234614
0.0293852046042
-0.0660696923481
-0.0610739008944
0.118875425276
-0.111281220485
-0.218697697827
-0.238083447085
0.105500594304
0.22528212602
-0.0192078008767
-0.0730218527385
0.0732694287611
0.254226660113
0.0783208272619
0.0826375902138
-0.115179904798
0.00215130890643
-0.138274294604
0.0674808896431
0.0809764743054
-0.0762816768131
0.161271359122
0.271833224323
-0.0338418622254
-0.0255810109332
0.0112626350479
0.336221601523
0.0617638093144
-0.142586729147
-0.172109702767
0.238089009324
-0.114088262245
-0.0368850036233
-0.0978752287958
0.0794234643771
0.0232860524942
-0.00147985681477
-0.188620018109
0.0345032310908
-0.219777987321
-0.118690802341
-0.248420950541
-0.164406907859
-0.0684917222874
0.008723467087
-0.0522572528176
0.0419164784877
0.0122480051992
-0.020102294137
0.0705663968687
-0.0152470470463
-0.146466628434
-0.129069293328
-0.265735706997
-0.249418974328
-0.0489211751324
-0.0541347521358
-0.050265219284
-0.105086290331
0.0489191380919
0.130701245759
-0.00435199587475
-0.0741880737341
0.190816957218
0.201749182638
0.0219267702431
-0.109979533098
-0.141744750293
0.219499758051
-0.0192586074252
-0.0222599656133
0.0126587140537
0.104456267007
0.000750262213455
-0.0561235702939
-0.0285336876868
-0.0274784503143
-0.00572122663165
-0.0969722804215
-0.170344331779
0.0646463504954
-0.0864377990071
-0.00265813865946
0.0902035767719
0.134614748955
0.250763591845
0.0504267255122
0.227717658034
0.165562469539
0.141543592601
0.0910327706004
0.0951870759755
0.241516706858
0.0271264112074
0.0512789530638
0.0658014124775
-0.163772542043
-0.122066734028
-0.0670327059646
0.0794916495531
-0.19692245154
-0.0657506702634
0.0536241323483
0.00368342205687
-0.14208514485
-0.0579387591748
-0.00279033450501
0.0102942037133
-0.0785847987813
-0.110208536287
-0.163041608631
0.101082633939
-0.00354258327369
-0.00955823304333
-0.0209655344808
-0.138102299351
0.151460200338
0.0864136227113
-0.115677126603
0.138130263388
-0.0719033581204
-0.00608987974523
0.0880084854359
0.119328530989
-0.185993146366
-0.125699027087
-0.0350958583094
-0.0766002204822
-0.133373457905
-0.0590650925436
0.125601031354
0.149490818469
0.0456122596911
0.121266317169
0.0670887612002
0.195090331497
-0.0939259349261
0.0696383417978
0.00467715986536
0.162423584543
-0.0665637189839
-0.0470702063796
-0.0520105130667
0.0800312390535
-0.194920956073
-0.265103627696
-0.110112034593
-0.0624661996035
0.200746458491
0.102520421409
-0.0943658189745
-0.0143557635499
0.0121151110787
-0.0186559514192
-0.0539136452758
-0.0710887414382
-0.140687491078
-0.112338224766
0.0181968441629
0.208328319224
-0.178010796346
-0.22366230676
-0.102575478553
-0.215516289979
-0.0140542042776
-0.204706358088
0.0693765577912
-0.119221593037
-0.0468903905909
-0.163635267264
-0.0990226471507
-0.229713388844
0.0359587292505
-0.00164795300677
0.00352687548718
-0.255714979627
-0.114565211975
-0.156443584087
-0.235493528488
0.112224191328
0.0611699369156
0.0141553579013
0.0203491001891
-0.0632704838863
-0.150328567217
-0.0472106824141
0.0840021382319
-0.13171334478
-0.180650488098
-0.124443920308
-0.0809360172035
-0.235136556332
-0.147913534108
-0.163423255276
-0.0829381241685
0.229194684769
0.209062905613
-0.124356720739
-0.130022846477
0.0281377412983
-0.0804577021635
0.0918799158734
0.0253056680245
0.0520999625025
0.0163398590893
0.263492290992
0.179487663811
-0.0246465473392
0.0296753256622
0.339600473609
0.327223181113
0.1498884959
0.248691806087
-0.00231223080684
-0.235479000785
0.0658687854263
-0.0636755873974
0.0509466143371
-0.159098501199
0.0623231115576
0.0625559476415
0.0472453365518
-0.0494920233018
0.0797280040948
0.194958580397
0.335834432827
-0.254795913178
-0.268559113732
-0.0601842941784
-0.171833425424
-0.200791258719
-0.0698875072339
-0.118315869644
0.0594809087831
-0.28034912972
-0.194225346967
0.0341077288121
0.209495563565
0.0516395360287
-0.249476750045
-0.0711573903069
-0.240586110211
-0.436744883529
0.0718813532233
0.0640894093031
0.116385375508
0.103041481093
0.00744561958717
0.0314283618152
-0.123881832887
-0.216939437958
0.0367656766812
0.0462912316162
-0.185816621186
-0.123468879171
-0.0226974933676
-0.0199079541338
-0.0348346075324
-0.0827004243463
-0.106601695592
-0.126315307989
-0.0806242247525
0.000375256753384
0.152353186176
0.331620006948
0.31246378607
0.0066827921693
0.17056906338
0.367904084125
0.411980430227
0.162078743864
0.0569220029472
0.242080937115
0.278119722916
-0.015834764093
0.0324012689594
0.0772912671672
0.13113474251
-0.139421472002
0.104833059877
0.0322770170373
0.0548738372226
-0.177698882402
0.0363093480995
0.0472672534382
0.052189820003
-0.0496467012456
-0.00705541517278
0.142655597818
-0.0893640074497
-0.373214763344
0.0940720205597
0.243908736009
0.0201321493928
-0.0080426405954
0.0945903482651
0.0904848055932
0.238996467463
0.261913734293
0.208767532884
0.0451577240269
0.243875116942
0.321560896781
0.0348339089096
0.0761506071185
-0.0494472003296
0.238387789051
0.108821788279
-0.0805339830331
-0.0688217500488
-0.15071097384
0.0810791883688
-0.119723479415
-0.121258349213
0.0891376896004
0.0987345167817
0.0416072288752
-0.028893233318
-0.25967243043
0.0331848705804
-0.131792647138
-0.0764963208496
-0.158385086494
0.109190114089
-0.0698382030115
0.0783836502477
-0.122724127405
-0.0648271732883
-0.19868708041
-0.109203811271
0.0768595086149
-0.137425691523
-0.143085702748
-0.112197527015
-0.0885273429761
0.1095425471
-0.129488192358
-0.00814040342912
-0.0392334924138
-0.0567286639636
-0.100083261376
-0.0951783958626
0.0722742698847
-0.0558006757049
0.000437921424365
-0.080840158472
-0.0580519746208
-0.0159554189378
-0.0563015235856
-0.0171421827338
0.0562471922446
0.116478498312
0.12925882648
0.056137483116
-0.122347660949
-0.110969044677
-0.070333788438
0.207183710873
0.128954132406
0.109962237926
0.0490028331423
0.124646280885
0.109962291945
-0.144265524297
0.0345127255913
0.301661540314
0.100904060272
0.0965540459537
0.242682219677
0.0275634854301
0.0213946285164
-0.120711111472
0.0775142518147
0.235826033267
0.179774503164
-0.0818019539386
0.241128513623
0.209638543459
0.095562668995
-0.0588957911543
-0.0538453429011
0.0149590752395
0.102903084295
-0.103244046248
0.0909351834195
0.0183350635483
-0.04164886176
0.238585003665
0.0784173555015
-0.00593397018876
0.00313790019037
0.014860098598
-0.143608225869
-0.188155438635
-0.155135278462
0.0158851873708
-0.167116790875
-0.0840837202889
-0.131191230764
0.0476380747895
-0.00030275261655
-0.0368297817209
-0.152222578713
0.0743275544263
0.0296945505884
-0.141786594811
-0.0912949956091
0.0815411933019
0.0461938361559
0.0560613249036
-0.0863506671647
0.0401149510465
-0.099371762644
0.191069112953
-0.0234245694048
-0.0545776890787
0.0344920611511
0.0095912736497
-0.153170329964
-0.028462747192
-0.112042239653
0.00503031774234
-0.083869440524
-0.100549219371
-0.0151110147187
0.0160874863678
-0.0533840461892
-0.126632500513
-0.0175554972057
0.013718770114
0.136765905287
0.0198801240194
-0.0484321098257
-0.0111482313834
0.157335587297
-0.22838322761
-0.103738682006
-0.0697304803361
0.106971751021
0.00432158266887
-0.112229154438
0.0760507104933
-0.0770724897217
-0.120299939439
-0.0333377749246
0.0452544528585
0.053500043317
-0.0222453503457
-0.0555362947686
0.0679985805353
-0.0303520754943
-0.151486610334
-0.220720748334
-0.037964055669
-0.154806449574
-0.0811610124278
-0.151064807098
0.0322483351874
0.0531652575945
-0.0125792275631
-0.253462045396
0.00945572275761
-0.018753452263
0.0853345072084
0.0567748915905
0.207074690144
-0.0435585189691
-0.168438655266
-0.108964940026
0.13381134439
0.101701296653
-0.0689146559129
0.0427086259532
0.260699111578
0.190352602193
-0.132444494625
0.00315853239687
0.0121771244829
-0.0128487423088
0.118448487999
-0.0340882827689
0.0377905335131
-0.00663362238223
0.0574323595211
0.0367041102653
-0.0335434366188
0.0930864194945
-0.0231751458304
0.102192702137
0.0439616589665
0.12303728696
-0.0758885092577
0.176712623781
-0.0703205944973
-0.193988709228
-0.261041454061
-0.0111438637942
-0.108884817862
0.0284125171429
0.0949448399196
-0.0496108419344
0.00486567721005
0.00455105120404
0.0220635795644
-0.0526606119323
-0.00907556448043
0.11519740959
0.0715414942835
-0.059582604719
-0.185240168267
0.0913151386462
-0.00193395281067
-0.0532196752747
-0.160699273406
-0.0195344712737
-0.0518030711586
0.0305769170779
0.0779229484526
-0.0705458730527
0.0289174465042
-0.0874973967531
0.0403201424389
-0.128510898554
-0.0783182760429
-0.000889630449273
0.113718043227
0.0284590929581
-0.085296054024
-0.0343608294927
0.0344265133991
0.00722109324317
0.200436533696
0.207756148054
0.0955735968752
-0.224932567371
0.121063868171
0.068969866664
0.145993721458
-0.0868331332937
-0.0104479623556
0.0163927901291
0.206420180456
-0.0746887610426
0.0853720007183
0.0842490110522
0.067074823327
-0.116293195062
0.0267768814943
0.0530418587842
-0.00862538904536
-0.123523828014
-0.05633104653
-0.228486707868
-0.0264662759987
-0.178649739847
-0.0453714340762
-0.0487395572403
-0.10920481294
-0.239315648348
-0.00440903799564
-0.131780939826
-0.104831426455
-0.135447495803
-0.0721212034395
0.24370703172
0.0485311443632
0.0171669151224
-0.0319926493058
0.0961138913154
-0.126241457517
-0.0462347724044
-0.0431864819793
-0.0886964495947
-0.189784694924
-0.192351600197
-0.0841940776486
0.0986905182737
-0.0484410451332
-0.179809406051
-0.0530526914298
-0.0945142589689
-0.0158714072576
0.0312821414907
0.125228155417
-0.0587837519686
-0.0613341630302
0.0388692503431
0.135427748632
0.0422025463153
0.00543760376993
0.0139116591766
0.108643332309
0.049169193341
0.133582791208
-0.0754447788738
-0.005825824465
-0.0236011740018
0.00796051022999
-0.113666355135
-0.195741913281
-0.00946380063142
-0.060199062945
-0.249501297264
-0.145672102199
0.0153102339753
-0.146053731956
-0.1054549062
0.022642938207
0.000934849847552
-0.0334831926638
0.00857264473416
0.0120216630772
-0.272153571674
-0.0945881070087
0.0302555910055
-0.121913050678
0.190984057517
0.134370236686
0.0450029915834
-0.0926102433293
0.0674884106342
0.11267347273
0.143924331033
-0.0730455981441
-0.050712044103
0.00685819059939
-0.237606413695
0.0824705635291
0.0162878888628
0.0549215893016
0.0395963230927
-0.000528034094268
-0.088784639943
0.113706553633
-0.0668443980363
-0.0243339595893
-0.128576595892
-0.0484169510915
-0.0347629213037
0.0486045026656
-0.106067279837
-0.21905251781
-0.133579276658
-0.0824547338021
-0.0861911678775
-0.0818242751921
0.0927520835821
0.00399788845712
0.071022216802
0.0562277481261
-0.0760564178712
-0.044667758482
-0.0351524090733
0.120804908809
-0.061985101971
0.0569199103666
0.0225282429271
0.0379536749349
0.105064210819
-0.114823382756
-0.0476976191629
0.174306433204
-0.114839257824
-0.092495661029
0.219013205663
0.365617917674
-0.18970988863
0.130370944195
0.334896159655
0.374625702308
0.0105416295555
0.037157313481
0.149781456784
0.273306631432
0.0434655287343
0.0169366689489
-0.117542227659
-0.0412620262868
-0.0846420117971
0.225991754116
0.0503062346988
0.0543346175843
-0.120769123241
0.209839889874
-0.00381124422303
-0.122612308484
-0.140352775914
0.102908622811
0.111180602934
-0.0254676649467
-0.174782408044
-0.231605032063
0.218394301249
0.266024271448
0.130915247815
-0.107202111339
0.150363735164
0.180196458017
0.226338573674
-0.191748025978
-0.0464082883589
0.25199758493
0.204650039735
-0.229068817587
-0.0062246940505
0.315893499783
0.375619528734
-0.141537268108
-0.160592278756
0.32823546657
0.286248599867
-0.0171945119125
-0.0345951096761
0.286182154796
0.368486705917
-0.0049558419775
0.0162344482567
0.355882691243
0.435206296707
-0.0263529805
0.024551315688
0.262099368992
0.271061068362
0.11003089641
-0.0555511073208
-0.0786850836125
-0.0033396584834
-0.0155426143659
0.100475144645
-0.0325499837251
-0.0544760594362
-0.112949775321
-0.0826275694564
-0.0990588526968
-0.151574459449
-0.0361359575691
-0.0590152055403
0.0215179194113
-0.101386117606
-0.0453597719989
-0.096239369734
-0.0484955297165
-0.0279281967211
0.0771212720356
-0.101099732648
-0.0777366840348
-0.123628522127
0.145834585869
0.00629085811417
0.0145608020455
-0.0967746489269
0.0155869630758
0.0632534869201
0.0771591947046
-0.0179218821484
0.0285397392844
-0.00663552320217
0.137619029716
-0.112800550058
-0.0195524972393
0.102689035336
0.139875522638
0.125131573158
0.0429393989877
0.0398578094403
0.0394909257409
0.0482517732747
-0.06896512199
0.12786299404
0.206961747673
0.185444920365
-0.208383475499
-0.141116909329
-0.0546804654926
0.257196604417
-0.0300703027095
-0.0118020079582
0.0788642856212
0.198989908546
-0.0397000736985
-0.0599013010267
0.0471649871212
0.0755469091762
0.0426620139392
0.0621332540872
-0.010858171329
0.206283773926
0.243872069548
-0.0590897181724
-0.0666980986873
-0.267557633861
0.158174286604
0.0304356947438
-0.0158918139048
-0.105548751335
0.117136253878
0.0280098674837
-0.0726785876086
-0.0466865965655
-0.0623359969415
-0.105359715988
-0.165316412081
0.159405684456
0.16137860542194940039
-0.79646881701491745176
-0.25455821569573405805
1.37859243143869614201
-0.12726552048606798451
0.75284238604278330698
-0.18205426336487887107
-0.02730121817691016917
-0.20732976484316187338
-0.69783562332179727150