5 5 3 16 
0.493603 
0.067220 
-0.059934 
0.199220 
0.188352 
-0.145607 
-0.342777 
0.192558 
0.281945 
-0.181683 
-0.266025 
-0.273903 
0.138207 
0.403422 
-0.122879 
0.190694 
-0.379146 
-0.401212 
0.337884 
0.170043 
0.125463 
-0.014741 
-0.447402 
-0.023490 
0.062066 
-0.284311 
-0.076952 
-0.516791 
-0.319745 
-0.255330 
-0.458417 
-0.187915 
-0.013002 
-0.294524 
-0.470686 
-0.251950 
0.111736 
-0.000370 
0.053060 
-0.162487 
-0.057914 
0.236306 
0.136729 
0.127027 
0.029258 
0.433659 
-0.055507 
-0.229128 
-0.137715 
-0.166723 
-0.533417 
0.055455 
0.083459 
0.055731 
0.162715 
-0.370003 
0.253005 
0.462869 
0.230589 
-0.085804 
-0.234534 
0.289610 
0.833734 
0.824981 
0.062036 
0.622663 
0.396809 
0.417518 
0.303428 
-0.064298 
0.568699 
0.330100 
0.062031 
-0.159198 
-0.072295 
0.023545 
-0.409109 
-0.542936 
-0.591253 
-0.495432 
-0.206476 
-0.548539 
-0.456989 
-0.163967 
-0.431343 
-0.373531 
-0.141301 
0.143979 
-0.150469 
0.101265 
0.062663 
0.346594 
0.258375 
0.135209 
0.398086 
0.502328 
0.459597 
0.606696 
0.862166 
0.409403 
0.043499 
0.299164 
0.335219 
0.413304 
0.508761 
0.248296 
0.185145 
0.458553 
0.307065 
0.111442 
-0.226030 
0.187634 
0.106930 
-0.303242 
-0.516586 
0.007938 
0.175083 
-0.583090 
-0.483139 
0.042875 
0.009960 
-0.365444 
-0.271542 
-0.162318 
-0.132675 
-0.170743 
-0.243848 
0.269088 
0.681704 
0.610355 
-0.017479 
0.444433 
0.767140 
0.773067 
0.280134 
0.285649 
0.657106 
0.581895 
-0.082940 
-0.213883 
0.040681 
0.071054 
-0.642371 
-0.649837 
-0.267919 
-0.255568 
-0.963259 
-1.054480 
-0.652634 
-0.309338 
-0.037316 
0.765657 
0.521055 
-0.126355 
-0.592052 
0.237591 
1.121410 
0.830298 
0.049751 
-0.642264 
-0.072206 
0.955852 
0.915921 
-0.000189 
-0.698035 
-0.312142 
0.479940 
0.587858 
0.037706 
-0.601846 
-0.569295 
0.131955 
0.150816 
-0.317599 
-0.577018 
-0.039145 
-0.655570 
-0.424723 
-0.256871 
0.273801 
-0.183680 
-0.818567 
-0.749283 
-0.258448 
0.438938 
-0.136794 
-0.730371 
-0.790237 
-0.164237 
0.300304 
-0.003797 
-0.410699 
-0.389009 
-0.218178 
0.226621 
0.276278 
-0.295848 
-0.303053 
0.022796 
0.019741 
0.222558 
-0.530961 
-0.198190 
0.061502 
0.426811 
0.032492 
-0.754876 
-0.334856 
0.152089 
0.612007 
0.333986 
-0.740307 
-0.457967 
0.190620 
0.647777 
0.525449 
-0.335750 
-0.270445 
0.257232 
0.496271 
0.620273 
-0.186352 
0.101320 
0.208202 
0.451533 
0.702630 
-0.064756 
-0.211266 
0.243164 
0.248765 
-0.248155 
0.282453 
0.685659 
0.273444 
-0.246827 
-0.274816 
0.549461 
0.437401 
-0.199587 
-0.557858 
0.115398 
-0.354172 
-0.336984 
-0.012926 
-0.082081 
-0.159201 
-0.243703 
-0.140347 
-0.375977 
-0.178085 
-0.257667 
-1.081482 
-1.356620 
-0.392846 
0.031282 
-0.791352 
-0.472622 
0.152097 
-0.141355 
-0.072362 
0.032735 
1.153102 
0.766627 
-0.013128 
0.259079 
0.355986 
0.093001 
-0.169026 
0.336128 
0.510784 
0.354051 
0.238106 
0.230503 
0.205357 
0.213881 
0.049127 
-1.032255 
-0.933966 
-0.197371 
-0.059348 
-0.197262 
-0.081264 
0.407117 
0.185066 
0.167721 
-0.074859 
1.159558 
0.731668 
0.170156 
0.211573 
0.122723 
-0.109004 
-0.095938 
0.262961 
0.006996 
0.097320 
-0.243003 
-0.358727 
-0.287306 
-0.080082 
-0.434261 
-0.188528 
-0.095030 
0.228023 
0.285141 
-0.345545 
-0.052785 
-0.991126 
-0.175377 
0.301403 
-0.783640 
-0.002479 
0.120720 
-0.139054 
-0.181174 
-0.389336 
-0.451404 
-0.059928 
-0.571975 
0.062867 
0.238915 
-0.269586 
-0.106365 
0.212026 
0.216871 
0.318725 
0.188226 
0.173499 
-0.067340 
-0.842962 
0.928687 
1.264577 
0.095113 
-0.118007 
-0.195423 
0.692137 
1.574483 
1.129813 
0.342903 
-0.394986 
0.666880 
0.567080 
0.568624 
0.071930 
-0.062970 
-0.113434 
-0.073329 
-0.007939 
-0.129549 
-0.246107 
-0.146138 
0.008612 
0.292712 
0.746466 
0.251539 
-0.619590 
-0.288206 
-1.303449 
0.062305 
0.341349 
-1.259741 
-0.328519 
-0.395949 
0.031695 
0.279539 
-0.463603 
-0.708515 
-0.431955 
-0.315880 
0.010412 
0.493670 
0.044697 
0.000358 
0.196618 
0.410185 
-0.183102 
-0.181841 
-0.226400 
0.218318 
-0.297214 
0.202319 
0.219477 
0.232990 
0.035342 
0.122959 
0.111320 
-0.426588 
-0.770838 
-0.906480 
-0.528198 
0.352575 
0.565174 
1.242556 
1.594504 
0.982137 
-0.195655 
-0.451659 
-0.472132 
-0.859502 
-0.272957 
0.232193 
0.129532 
0.493848 
0.394294 
0.346212 
-0.345747 
-0.206177 
0.258310 
0.039260 
-0.097065 
-0.455227 
-0.732736 
-1.394724 
-1.449597 
-1.012378 
-0.021175 
0.315607 
1.143643 
1.611064 
0.970641 
0.100789 
-0.173841 
-0.031949 
-0.365238 
-0.231610 
0.011641 
-0.205804 
0.043593 
-0.130997 
0.217901 
0.197509 
0.435800 
0.337972 
0.460407 
0.102263 
0.120877 
-0.241542 
-0.685195 
-0.904712 
-0.511493 
0.048058 
0.343358 
1.142029 
1.016533 
0.780048 
0.011786 
-0.409979 
-0.623921 
-0.910527 
-0.545456 
0.411219 
0.224677 
-0.205702 
0.264932 
0.084897 
0.390925 
-0.157867 
-0.483623 
-0.124983 
-0.042732 
0.642717 
-0.216277 
-0.284302 
-0.061889 
0.071376 
0.269488 
-0.319096 
-1.011169 
-0.285238 
-0.200090 
0.436819 
0.199245 
-0.726799 
-0.089489 
-0.294907 
0.386819 
-0.148526 
-0.509679 
0.019489 
0.037581 
0.302605 
-0.061514 
-0.293998 
0.014654 
-0.295038 
0.600405 
0.016482 
0.104061 
0.380215 
0.125061 
-0.129200 
-0.036298 
-0.548377 
0.209916 
-0.057324 
-0.022906 
0.370464 
-0.295424 
-0.118575 
0.135485 
-0.162782 
-0.159411 
-0.468867 
-0.172042 
-0.061464 
0.132817 
0.039192 
-0.388185 
0.016956 
-0.256055 
0.387748 
0.314250 
0.246540 
0.518980 
0.242812 
0.033410 
0.332401 
-0.028750 
0.338346 
0.118975 
-0.230264 
0.277366 
0.028535 
0.014021 
0.112567 
0.062710 
-0.239781 
0.545411 
-0.048946 
-0.235548 
0.006755 
-0.500818 
0.117935 
1.075967 
-0.144745 
0.733844 
0.066945 
-1.957071 
0.162950 
0.735798 
-0.332192 
1.462383 
0.349268 
-1.212805 
-0.122421 
-0.700544 
-0.617110 
0.876688 
0.216460 
0.134796 
0.010477 
-0.398349 
0.347493 
-0.045854 
0.177530 
0.017940 
-0.960640 
-0.026114 
1.007422 
-0.283726 
0.474747 
-0.116031 
-2.168848 
0.142081 
0.710694 
-0.007040 
1.469625 
0.077882 
-1.296874 
-0.436090 
0.473407 
-0.472346 
0.777923 
-0.057698 
-0.294696 
0.047343 
-0.283424 
0.214233 
-0.430551 
0.114376 
-0.079672 
-0.274481 
0.180397 
0.814977 
-0.579653 
0.363935 
0.195180 
-1.453059 
0.206613 
0.458830 
-0.503159 
1.368048 
0.347110 
-0.885815 
-0.069161 
0.093213 
-0.771465 
0.636946 
0.289445 
-0.030367 
-0.148378 
-0.260364 
0.088779 
0.294821 
0.049144 
-0.440894 
-0.130731 
0.324644 
0.221950 
-0.066072 
-0.077070 
-0.152102 
-0.003906 
0.370171 
-0.390052 
0.136234 
0.210155 
-0.154621 
-0.318781 
-0.485029 
0.156876 
0.203808 
-0.009809 
-0.470768 
-0.310511 
-0.046430 
-0.008890 
0.081944 
0.221688 
0.157394 
-0.212026 
-0.183909 
0.260753 
0.283425 
-0.023257 
-0.026981 
-0.186621 
-0.161101 
0.192471 
-0.308296 
0.232868 
0.102795 
-0.500937 
-0.491610 
-0.476291 
0.136351 
0.206833 
-0.010744 
-0.578716 
-0.264679 
-0.446367 
-0.319153 
0.146438 
0.266704 
0.256573 
-0.487784 
-0.545457 
0.187194 
0.602749 
0.328397 
-0.109848 
-0.198984 
-0.159488 
0.467048 
0.201148 
-0.023560 
0.250085 
-0.001891 
-0.173999 
0.429212 
-0.046626 
0.144738 
0.250360 
-0.170303 
0.595301 
0.092648 
0.050326 
0.202180 
0.159746 
0.152785 
0.312196 
0.088882 
0.130792 
0.228966 
0.113212 
0.113198 
0.355577 
0.225973 
0.238300 
0.291223 
-0.290285 
0.005204 
-0.066422 
0.014761 
-0.002738 
-0.147217 
-0.311678 
-0.474373 
-0.729737 
-0.592722 
0.351802 
0.019585 
0.087399 
0.202326 
0.120673 
0.406987 
0.296233 
-0.026810 
0.115334 
0.056400 
0.099770 
0.248170 
0.167132 
0.104746 
0.067148 
-0.428334 
-0.154627 
-0.152459 
0.113876 
0.181830 
-0.152183 
-0.455508 
-0.504867 
-0.372368 
-0.136673 
-0.087981 
-0.238312 
-0.478002 
-0.454416 
-0.474043 
0.083416 
-0.037047 
-0.138325 
-0.335888 
-0.347022 
-0.105221 
0.241205 
0.272502 
-0.084786 
-0.098382 
-0.080832 
-0.116241 
0.334285 
0.519972 
0.220721 
0.053067 
0.177494 
0.263441 
0.324576 
0.552250 
-0.068160 
-0.206321 
-0.580135 
-0.481804 
0.168810 
-0.225562 
-0.299309 
-0.651731 
-0.590467 
-0.485807 
-0.023894 
-0.129611 
-0.958017 
-0.718589 
-0.407433 
0.811776 
0.275379 
-0.179664 
-0.274806 
-0.144335 
0.568288 
0.303162 
0.380341 
0.193895 
0.316673 
0.070903 
0.097139 
0.124623 
0.114675 
-0.086271 
0.020348 
0.462576 
0.106772 
0.060409 
-0.136003 
0.120185 
-0.134413 
0.052270 
0.004563 
-0.410429 
-0.060845 
0.134921 
0.186357 
0.027023 
-0.169277 
0.001137 
0.060354 
0.046221 
0.219674 
0.056617 
-0.405297 
0.333000 
0.230322 
-0.036940 
0.191795 
-0.347298 
0.719035 
0.350090 
0.713594 
0.505949 
-0.277170 
0.251788 
0.516951 
0.298757 
0.580849 
-0.447069 
0.189107 
0.089369 
0.254620 
0.136838 
-0.606941 
-0.491004 
-0.287948 
-0.243349 
-0.043983 
-0.273292 
-0.092858 
0.234120 
0.471405 
0.231771 
0.089947 
0.361588 
0.918766 
0.514583 
-0.269972 
0.553440 
0.911509 
0.736195 
-0.656778 
-0.888348 
0.690711 
0.078246 
-0.755722 
-0.929527 
-0.008653 
-0.020202 
-0.432261 
-0.299614 
-0.044751 
-0.054546 
0.028368 
0.097798 
-0.501153 
-0.147398 
-0.062864 
-0.051634 
-0.244121 
0.230211 
0.427062 
-0.341898 
0.176167 
0.461749 
0.276693 
-0.525658 
-0.192430 
0.093758 
-0.064223 
-0.833285 
-0.758226 
0.328470 
-0.086050 
-0.137992 
-0.326908 
0.106935 
0.273366 
0.363054 
-0.247322 
-0.652759 
-0.090659 
-0.154078 
-0.318993 
-0.606437 
0.046117 
0.578193 
-0.069566 
-0.244352 
-0.038547 
0.299689 
-0.318547 
-0.142299 
-0.021698 
-0.087799 
-0.298445 
-0.220191 
0.658647 
0.182662 
-0.002024 
0.330717 
0.558791 
0.443012 
0.010893 
-0.043680 
-0.132517 
0.034925 
0.169913 
-0.142270 
-0.164263 
0.217753 
-0.107320 
0.256057 
-0.877475 
0.950699 
0.289818 
-0.762134 
0.154197 
0.259609 
0.933683 
-1.239557 
-0.185077 
0.430066 
0.303719 
-0.372417 
-0.271789 
0.540097 
-0.061744 
0.000119 
0.120614 
0.300199 
-0.100609 
0.012340 
-0.216445 
0.180680 
0.514293 
-0.059952 
-0.046237 
-0.904462 
1.423838 
0.529273 
-0.856798 
-0.213347 
0.279207 
1.208877 
-1.101761 
-0.343592 
0.272664 
-0.054890 
-0.512787 
-0.397663 
0.360997 
-0.357839 
-0.059652 
0.007615 
0.046010 
-0.004867 
0.020813 
-0.400974 
-0.190923 
0.162143 
0.045749 
-0.008360 
-1.278982 
1.087811 
0.492709 
-0.506900 
0.058421 
-0.290023 
1.178849 
-0.812851 
-0.106594 
0.286487 
-0.012429 
0.009291 
-0.047701 
0.639728 
-0.281197 
0.126663 
-0.226712 
-0.308125 
-0.291347 
0.377583 
-0.276038 
-0.033763 
-0.684964 
-0.201533 
0.936232 
-0.130413 
-0.546894 
-0.878570 
0.203087 
0.868510 
-0.043358 
-0.508164 
-0.434056 
0.295875 
0.701806 
0.099576 
-0.179509 
0.047204 
0.328726 
0.676809 
0.111190 
-0.014400 
0.060558 
-0.184561 
-0.129661 
0.000596 
0.110634 
-0.334451 
-0.126795 
0.180388 
-0.172538 
0.073639 
-0.534105 
0.165634 
0.331054 
0.072208 
0.012285 
-0.176098 
0.393655 
0.099722 
-0.068588 
-0.210405 
0.092825 
0.124678 
-0.024766 
-0.063651 
0.289004 
0.364503 
-0.052890 
-0.094174 
0.302815 
0.557257 
-0.117117 
-0.282000 
-0.257624 
0.208767 
0.252672 
-0.407140 
0.259035 
-0.426824 
0.221708 
0.051639 
0.191570 
0.289046 
-0.515856 
0.272097 
-0.171420 
-0.056949 
-0.244503 
-0.385193 
-0.528644 
0.112947 
0.198823 
0.082332 
0.178367 
-0.319897 
-0.414130 
-0.242863 
0.186293 
-0.032751 
0.420125 
0.246751 
-0.414665 
-0.037248 
-0.274386 
0.228020 
0.645330 
-0.219574 
-0.185694 
0.158633 
0.171671 
0.534966 
-0.240203 
-0.280012 
0.249906 
-0.365328 
0.194149 
-0.166293 
0.382658 
0.182807 
-0.651852 
-0.685179 
-0.160288 
0.038650 
0.024495 
-0.020962 
-0.061835 
-0.499789 
-0.156105 
-0.057470 
-0.407952 
0.064262 
-0.351003 
-0.262517 
-0.021240 
-0.012240 
0.111444 
-0.645155 
-0.449561 
0.023714 
0.244884 
0.397069 
0.025408 
0.162827 
-0.096119 
0.069873 
0.021985 
-0.330382 
-0.007579 
-0.090189 
0.506345 
-0.114855 
-0.567217 
-0.322590 
-0.356962 
-0.184319 
0.449348 
-0.300032 
-0.448373 
0.191618 
0.057574 
0.172863 
-0.098840 
-0.204563 
-0.152012 
-0.282330 
0.456322 
0.293302 
0.077728 
-0.310433 
-0.460333 
0.435664 
0.516633 
-0.101528 
-0.337069 
-0.380042 
-0.371622 
0.600535 
0.273282 
-0.226710 
-0.017323 
-0.325976 
0.023723 
0.466759 
0.013044 
-0.136332 
-0.229103 
0.016250 
0.394668 
0.128158 
-0.051369 
0.257398 
-0.185818 
-0.122556 
-0.228026 
-0.322400 
0.353908 
0.407613 
0.012428 
-0.088517 
-0.178926 
-0.163886 
0.401159 
0.071979 
-0.170540 
0.062979 
-0.336778 
-0.152926 
0.155985 
-0.124592 
-0.034894 
0.028968 
-0.124970 
0.233612 
0.005755 
0.126892 
0.439274 
-0.013128 
-0.040279 
-0.031338 
-0.248823 
0.461077 
0.427493 
0.012391 
0.176958 
-0.288417 
-0.354790 
0.302130 
0.384360 
0.139762 
-0.220911 
-0.671472 
-0.351711 
0.349311 
0.099477 
0.084478 
-0.198023 
-0.724104 
-0.094280 
0.029831 
-0.321795 
-0.144428 
-0.587731 
-0.225960 
-0.238117 
-0.158224 
-0.379325 
-0.207503 
-0.412250 
-0.131944 
0.030530 
-0.264096 
-0.254531 
-0.206834 
-1.369165 
-0.293127 
