3 3 3 100 
0.0168080553412
-0.00309331458993
-0.0107380105183
0.0235091261566
-0.0600724294782
0.0331696532667
-0.0180284101516
-0.0230229217559
0.0330210663378
0.0273148082197
-0.0147719839588
-0.0044585801661
-0.0155529379845
0.0131190028042
-0.00455406866968
-0.00664485245943
0.00612274883315
-0.0277515221387
-0.00202266452834
-0.0612388141453
-0.060470174998
-0.0557204931974
-0.0570603460073
-0.0409113764763
0.0276797786355
-0.0565763860941
0.0139708295465
0.0930265560746
0.0542374961078
0.0991976186633
0.0314267463982
0.0938203185797
0.0858869925141
0.0183989629149
0.0442347377539
0.086185157299
0.0222044270486
0.0474133007228
0.0878565609455
0.0465700365603
0.025912432
0.0321773216128
0.0464989878237
0.0156451035291
0.0536254122853
0.075221195817
0.0379376113415
0.0282401554286
0.0928110778332
0.0698122605681
0.0650855153799
0.0131833134219
0.0465667024255
0.0113953147084
-0.0810052454472
-0.124824985862
-0.119369924068
-0.0994300767779
-0.12475540489
-0.0775528103113
-0.0439124852419
-0.0834932327271
-0.118357218802
-0.0534205585718
-0.148432418704
-0.14215092361
-0.126624837518
-0.10097463429
-0.0712597370148
-0.108142919838
-0.0648015215993
-0.0886362269521
-0.0880113765597
-0.106318764389
-0.106019772589
-0.0698434188962
-0.133453518152
-0.121627256274
-0.084372214973
-0.126778140664
-0.138358727098
0.0601843744516
-0.0104393782094
-0.00642085354775
0.0586255379021
0.00645440956578
-0.0848851427436
-0.0123345497996
-0.00745542580262
-0.0437501184642
0.069592654705
-0.047060187906
-0.0520155876875
0.0412152633071
-0.0390820652246
-0.0205776114017
0.0240183528513
-0.0392317064106
-0.0230413675308
0.0442109890282
0.0454734526575
-0.0450203157961
0.0304628740996
-0.008400099352
-0.0274542458355
0.0408919677138
0.0105809820816
0.0200574249029
-0.0598319210112
0.0139899272472
-0.00625670002773
-0.0171426162124
-0.0584874264896
-0.0621258057654
-0.0688905864954
-0.0353237614036
-0.0123970462009
-0.00549256755039
-0.0413178652525
-0.0349015556276
-0.0244259405881
-0.0803656876087
-0.0486712008715
0.0070713153109
-0.0266614407301
-0.0428618639708
-0.0825756341219
-0.0177798457444
-0.0214297194034
-0.0768217816949
0.00366671360098
0.00514090061188
0.0232841819525
-0.0465418100357
-0.0217524301261
0.0260063894093
0.0623572207987
0.0949521660805
-0.0244129430503
0.0299599077553
0.0754145681858
0.0491716526449
0.0686186030507
0.0648151710629
-0.0201854947954
0.00312113645487
-0.0143899098039
-0.0505189374089
-0.00988628249615
-0.0258262120187
-0.0570337288082
0.0104482611641
-0.0170199982822
-0.0804291516542
-0.0279174875468
0.0218856595457
-0.0873282104731
0.0100531317294
-0.058906018734
-0.0643219426274
-0.0069650108926
-0.0321368388832
-0.0399621538818
-0.0263514146209
-0.00605941284448
0.00636223424226
0.0383338928223
0.0280809290707
-0.0142192412168
0.0448499582708
0.0265120081604
-0.0116117149591
-0.0105320550501
0.0371636375785
-0.0330537855625
0.0458478443325
0.028925286606
0.0430449545383
0.00390955619514
-0.00194114155602
0.00202684872784
-0.00707666855305
-0.0497428551316
0.0387849509716
-0.0384705625474
-0.0397400707006
-0.0294703748077
0.0477485358715
-0.0516098849475
-0.0128696411848
-0.0573727078736
-0.0137153211981
-0.0538758300245
-0.0213346965611
-0.0766490325332
-0.0490928478539
-0.0658657550812
-0.0847886130214
-0.0483028292656
-0.0157969072461
-0.0260587837547
-0.0734766125679
-0.0653481185436
-0.0448371432722
-0.0492536015809
-0.0623631291091
-0.0726762861013
-0.0744836553931
-0.0166960116476
-0.0636371523142
-0.0584336966276
-0.013825581409
-0.0600885748863
-0.0467788018286
-0.0298835746944
-0.0657899230719
-0.0134930210188
-0.0104511203244
0.0077595366165
0.0179555229843
0.0186824258417
0.0358882024884
-0.00218348763883
0.0482476204634
0.0128986081108
-0.00424386980012
0.0480489581823
-0.00150069652591
-0.0108631774783
0.0246804095805
-0.0145330261439
0.0670431032777
-0.022350018844
0.0669393539429
0.0542793348432
-0.00406964775175
0.0788471028209
0.0473630316556
0.00410335650668
0.044377502054
0.0345286205411
-0.0137374699116
0.0293333176523
-0.0281464736909
-0.103380441666
-0.0916290581226
-0.087401881814
-0.0472607240081
-0.0728937909007
-0.0484143570065
-0.068219050765
-0.000527240685187
-0.0342374369502
-0.0276580415666
-0.0877676680684
-0.0613520927727
-0.0733687579632
-0.0228260327131
-0.0489631183445
-0.00568320648745
-0.00958683900535
-0.0523990429938
-0.0485230013728
-0.0675560683012
-0.0839718356729
-0.0853325128555
-0.0334689617157
-0.0221443772316
-0.0259690452367
-0.0257275532931
-0.049529209733
-0.0574864149094
-0.033967461437
0.0140656819567
-0.0243382267654
-0.0531637854874
-0.0145061723888
-0.00723512889817
-0.0285560116172
-0.0316147208214
-0.0607273094356
-0.0206722933799
-0.0218196846545
-0.00778181385249
0.0129698021337
-0.0211214274168
0.0180107243359
-0.00235185748897
-0.0609689727426
0.0174521822482
-0.0369365178049
0.00119973428082
-0.0429101847112
-0.00827753543854
-0.0155130336061
-0.0527731962502
-0.0390689000487
0.069788902998
0.0571360476315
0.0898805260658
0.0448044613004
0.053097974509
0.0493362359703
-0.00129383441526
0.0811090022326
0.081288062036
-0.052590996027
0.00886748824269
0.0211408119649
0.0152982221916
-0.0577385723591
-0.0428734868765
0.00667355954647
-0.0333936624229
-0.0194739513099
-0.0185806099325
-0.0880682095885
-0.0760028660297
-0.0341037288308
-0.074418745935
-0.0326837897301
-0.0706260427833
-0.0988582521677
-0.078980281949
0.0664722472429
0.0560542047024
-0.0218800231814
0.0411007367074
0.0503037087619
-0.0148905105889
-0.0306974481791
0.00435562152416
0.00448020966724
0.0752764865756
0.040803514421
0.0499950423837
0.0334759987891
0.0369427613914
0.0249390210956
0.0462464913726
0.0362975485623
0.0189004316926
0.0327283330262
0.0949574932456
0.0355713963509
0.0365096405149
0.0242938604206
0.0636454150081
0.059688270092
0.038730956614
0.0300571192056
0.0298815667629
-0.00732216052711
-0.016092935577
0.0528393648565
-0.00292731169611
0.00177100510336
0.0880932658911
0.0465109460056
0.00132532208227
-0.0127611421049
-0.0268923416734
0.0265995487571
0.020430855453
-0.0528278499842
-0.0542302690446
-0.0224328003824
-0.0255637653172
0.00602954020724
0.0455864928663
0.00205350737087
-0.0208504740149
0.010270438157
-0.0715506747365
0.0233504381031
-0.0380980446935
-0.0223679635674
-0.0193257816136
0.0571042336524
0.0713411644101
0.0703014731407
0.0161291267723
0.0897506251931
0.0346296578646
0.0744717791677
0.0539299584925
0.0654817372561
0.000717544637155
0.0310273971409
-0.00705131003633
-0.0036081217695
-0.00178974983282
0.014578233473
-0.0216675288975
-0.0503212325275
-0.0500080324709
-0.073209002614
-0.0547095164657
-0.083192974329
-0.0442801639438
-0.0291496254504
-0.0940226912498
-0.0946124717593
-0.092661857605
-0.0825173258781
0.021315600723
-0.063157401979
-0.0584324337542
0.0197241939604
-0.00497898738831
-0.00229132035747
0.0116762658581
0.00240374193527
-0.0429830402136
-0.0353304930031
-0.0326551869512
0.00344712496735
-0.0409683249891
-0.0133785363287
-0.0329226218164
0.0178187880665
-0.0474207475781
-0.0121089043096
-0.00506148627028
-0.0531981177628
-0.00897911190987
-0.0617524795234
-0.026659457013
-0.0428094305098
-0.0767485648394
-0.0253343246877
-0.0250936038792
-0.0794002562761
-0.0948102921247
-0.0908395275474
-0.077149219811
-0.0455034971237
-0.00382393063046
-0.0322320759296
0.0201146062464
0.0293260514736
-0.0290314257145
-0.0203823521733
0.035323522985
0.00863863620907
0.025913471356
-0.0267098154873
0.0595872886479
-0.0182352978736
0.0604861043394
0.00595651334152
-0.00861919764429
0.00903715193272
0.0255033839494
-0.00409274036065
0.0512514449656
0.031175673008
0.0789789035916
0.0588546991348
-0.0946726799011
-0.110856726766
-0.116702847183
-0.0768330693245
-0.0970593765378
-0.0256790649146
-0.0198925640434
-0.0624251961708
-0.0488325022161
0.00292637688108
-0.0404853187501
-0.0543188154697
0.0250494517386
-0.0121271684766
0.0310894064605
0.067864485085
0.024763295427
0.0139739774168
0.0605763979256
0.0284062158316
-0.0199365001172
0.0512174367905
0.0689205378294
0.0366033874452
0.0920973494649
0.0724400579929
0.0701552778482
-0.0514699965715
-0.111206836998
-0.0292215142399
-0.106899380684
-0.102331601083
-0.0607261806726
-0.0997182503343
-0.0667083635926
-0.133615106344
-0.0287355538458
-0.0444650575519
-0.0532179810107
-0.0467765368521
-0.0515905357897
-0.0711171925068
-0.117028258741
-0.0534642077982
-0.0628257766366
-0.033131275326
-0.0981243252754
0.00959938578308
-0.122427910566
-0.0329597629607
-0.0519099086523
-0.0503085739911
-0.104351006448
-0.0834682285786
0.0582629553974
0.0786922201514
0.0931073278189
0.0296786315739
-0.012821440585
0.0565985143185
0.0565505884588
0.020428141579
0.0649886727333
0.0065626478754
-0.0324526540935
-0.0247494746
-0.0522805303335
0.00445405207574
-0.0109737068415
0.027745814994
-0.0625915080309
0.0230816435069
-0.000159997565788
-0.00197913893498
-0.0123950568959
-0.0873910710216
-0.0859015658498
-0.072880230844
-0.00435086525977
-0.101595073938
-0.0858800187707
0.0284211132675
0.0191982220858
0.00513129262254
0.0142156556249
-0.0126343350857
0.00180952565279
0.053320441395
-0.0411271713674
-0.0166812501848
0.0402838923037
0.00114387401845
-0.0559293031693
0.0256092492491
-0.0418131202459
-0.0625061839819
0.04645094648
-0.0300756487995
0.0313433557749
0.00125222455245
-0.000243596979999
-0.0656888112426
0.0169772021472
0.0332524254918
-0.0349845513701
0.0597227923572
-0.00807033386081
-0.0444301664829
0.00263329851441
0.0200262516737
-0.036875333637
-0.0135167306289
0.0466613397002
-0.0353555865586
0.0206269714981
0.0200980696827
0.00458771083504
-0.0181467048824
0.0326454266906
-0.0105859786272
0.0112263560295
0.0490875355899
-0.0414082631469
0.0694578960538
0.00561175355688
-0.0337013863027
0.0167656373233
0.0492091402411
-0.0580913610756
0.0524439625442
-0.000530245422851
0.0305071808398
0.0531253889203
0.010357174091
-0.00308425910771
-0.0553090013564
-0.0229262001812
-0.0126375313848
-0.0226650759578
-0.0337479971349
-0.0580264665186
-0.0196574125439
-0.0186710115522
-0.0432356968522
-0.0530328415334
-0.0339935086668
-0.0545324198902
-0.0340932868421
-0.101996511221
-0.102752275765
-0.0487058795989
-0.0306219309568
-0.0302043762058
-0.0423448160291
-0.106323368847
-0.0197601504624
-0.0998827666044
-0.0952766165137
-0.0589158535004
-0.0375722758472
-0.0527924410999
-0.081069804728
0.00561112724245
0.0194535665214
0.0592180900276
0.0908116325736
0.0186747983098
0.0663095340133
0.0545549243689
0.0365701392293
0.0420933328569
0.0794126614928
0.0392138250172
0.0416139774024
0.0680567622185
0.0635698288679
0.0937219485641
0.0954455435276
0.0295149758458
0.0578704513609
0.0578110590577
0.0498020797968
0.0881027802825
0.0833732411265
0.0518872253597
0.0862671881914
0.0707704648376
0.114388540387
0.130454212427
-0.00339177204296
0.0335417203605
0.0513537153602
-0.0361138433218
0.0390130020678
0.0361951254308
0.00787619780749
0.0143429292366
-0.0108545459807
-0.0644186884165
-0.0215765517205
-0.0255154743791
-0.0456188991666
-0.0612225010991
0.00851375702769
6.88579530106e-05
-0.055447563529
-0.0438386015594
-0.0433938615024
-0.0806204155087
0.0156169682741
-0.0689443349838
-0.0384718291461
-0.0152835473418
-0.101472347975
-0.0125252371654
-0.0389681570232
0.0133035900071
-0.0476801022887
-0.0709390938282
-0.0246223695576
-0.0284308958799
-0.0440140850842
0.00353253516369
-0.0144100673497
-0.0882434695959
-0.0190016236156
-0.0397813022137
-0.0300025064498
-0.0243395995349
-0.0814819037914
-0.0568357594311
-0.0700401440263
-0.107041157782
-0.0402169860899
-0.0584146715701
-0.0492881722748
-0.0639037489891
-0.097234107554
-0.0480951480567
-0.0536082983017
-0.0505359508097
-0.0898300334811
-0.0721994414926
0.00875668413937
-0.0335209667683
-0.0273319836706
-0.0426423214376
-0.084213770926
-0.0396102294326
-0.034590691328
0.00308877951466
-0.0043711066246
-0.0185305010527
-0.0581353120506
-0.0479273311794
-0.0841312259436
-0.0250588152558
-0.0516439639032
-0.0373774059117
-0.101739518344
-0.0190466754138
-0.0255349650979
-0.0397525578737
-0.0326033346355
-0.0885584875941
-0.0424452796578
-0.0375106856227
-0.0210102852434
-0.096604116261
-0.106354221702
0.0283935517073
0.0370718948543
0.0212791375816
0.0426906533539
-0.0379635728896
0.0167558770627
-0.00459401030093
0.0135922506452
0.011518352665
-0.0112457368523
-0.0499521009624
0.00603658473119
0.0222462452948
-0.0566538870335
-0.0560816787183
0.0139080835506
0.0148111646995
-0.00908471830189
-0.0520625188947
-0.036520447582
-0.0945494323969
-0.025372331962
-0.0737538263202
-0.041383843869
-0.0406497791409
-0.0365463942289
-0.0544252246618
0.0446588657796
-0.00250015547499
0.0264166556299
0.0742058008909
0.0716504454613
0.0332144498825
-0.00420534377918
0.00904668029398
-0.0191281642765
0.0151618039235
0.0307487342507
0.0433223880827
0.0404051467776
0.00588706508279
-0.0111517421901
0.0236882772297
-0.00982705876231
-0.0334193408489
-0.00620606169105
-0.0365080647171
-0.0419385582209
-0.0663237646222
-0.0326067171991
-0.058834053576
-0.0621034763753
-0.0657792538404
-0.0611569136381
-0.091600485146
-0.100255362689
-0.0458972528577
-0.0721243396401
-0.0668331086636
-0.0635191351175
-0.0271230041981
-0.0782903209329
-0.0436151139438
-0.0498048365116
-0.0592290200293
-0.0964600071311
-0.0664951503277
-0.113040596247
-0.0583633631468
-0.0321746133268
-0.105567321181
-0.0937026068568
-0.132949650288
-0.0719791352749
-0.0749906599522
-0.0554677173495
-0.0854710116982
-0.115087501705
-0.0433971881866
-0.0938793122768
-0.0834764391184
-0.00717967003584
0.0219195764512
-0.00105459534097
-0.011046811007
0.0253056995571
0.0514292232692
0.0520275421441
0.0383913777769
0.0654683038592
0.0747863799334
0.0399475283921
0.0243109129369
0.0625961050391
0.0242816731334
0.0527896620333
0.00408920645714
0.00894140824676
0.0444029122591
0.0461016185582
0.0608919039369
-0.00498046679422
-0.00917834602296
0.0304827913642
0.0137087376788
-0.0176167506725
0.00414409907535
0.0219454932958
0.0330976359546
0.0963500440121
0.0279231835157
0.0292416736484
0.0562831312418
0.0491467118263
0.0297222062945
0.0930635109544
0.114147432148
0.0576246604323
0.0803000554442
0.0535334944725
0.0376374050975
0.104371339083
0.0789428129792
0.11113075912
0.0501868091524
0.0778714939952
0.0491810366511
0.0786381959915
0.0697778090835
0.081310339272
0.0389577709138
0.0390840210021
0.0298902317882
0.0557536110282
0.0693745166063
-0.0748907104135
-0.083282366395
-0.0627733543515
-0.0298068467528
-0.0684200376272
-0.0783716589212
-0.0883488506079
-0.0332074873149
-0.020858252421
-0.075823046267
-0.0446525141597
-0.068693973124
-0.0130546754226
-0.0290989093482
-0.00708302762359
-0.059032894671
-0.0721975415945
-0.0560522526503
-0.0362075529993
-0.0406024977565
-0.0110700186342
-0.0931945666671
-0.0455935187638
-0.0329900830984
-0.0126889366657
-0.069138661027
-0.0274388473481
-0.0694008022547
-0.0753864049911
-0.0517084039748
-0.0970199927688
-0.0193747021258
-0.0600546747446
-0.0465788021684
-0.0220227763057
-0.102669075131
-0.00938235782087
-0.0168344266713
-0.0208615027368
-0.0416032262146
-0.0309821274132
-0.0132030854002
-0.00596585450694
-0.0884596258402
-0.0961544513702
-0.0436157882214
-0.0246490258723
-0.0546857193112
-0.027844062075
-0.0775154158473
-0.0682083591819
-0.0114924041554
0.0193379092962
-0.0475568771362
-0.0349220074713
-0.00306327920407
-0.0691232308745
-0.013726843521
-0.0601540580392
-0.0662241354585
-0.088476754725
-0.0559166297317
-0.0894631668925
0.0140360500664
-0.0503449328244
-0.0403745211661
-0.014020496048
0.0100168753415
0.00902337394655
-0.0543833747506
-0.0485107526183
-0.0633701682091
0.0195579472929
0.0254784803838
-0.00200565438718
-0.0606579221785
0.0131800156087
-0.0112725561485
-0.0776597112417
-0.0567438863218
0.000328228517901
-0.011282379739
-0.0314088538289
-0.0579517185688
-0.0152713377029
-0.100359149277
-0.0439544022083
0.0146265132353
-0.000984490732662
-0.0752395838499
-0.00635471241549
-0.0553901828825
-0.00501109240577
0.00474045658484
-0.0150904906914
-0.0394985601306
0.0145995272323
0.00414267554879
0.0047163721174
0.0433550365269
0.0294370818883
0.00985366851091
0.0528763607144
0.039054363966
0.0511678382754
0.0559340827167
0.0546878948808
0.0202680472285
0.0455511957407
0.0411065518856
0.0345526002347
0.0362818688154
0.0735101625323
0.0545712821186
0.0538461133838
-0.006674552802
0.0868914276361
0.0329034440219
-0.00281599117443
0.08332054317
-0.00287323375233
0.0460357517004
0.0547081530094
-0.0164985004812
0.0158664863557
0.02857106179
0.0224860087037
0.0430473871529
0.0293956547976
0.0577514357865
-0.00958914589137
0.0526392534375
0.0602310784161
-0.0162684377283
0.0403868928552
0.0674686580896
0.0617580227554
0.0549570173025
0.0761180371046
0.0677893161774
0.0428322181106
0.0454370975494
0.0931057780981
0.087689653039
0.0539538562298
0.0331093966961
0.0756066292524
0.0484128370881
0.0722155794501
0.0776690244675
0.0850386098027
0.0777809768915
0.0766759589314
0.0816714763641
0.0752118378878
0.0384148694575
0.0992825478315
0.115210667253
0.0573835968971
0.118666194379
0.0815356075764
0.0082803433761
0.0335014835
0.0831401199102
0.0752050280571
0.0275541581213
0.0380192063749
0.0932571217418
0.0161881074309
0.0396246239543
0.0807769075036
0.0830501317978
0.0635657906532
0.0316298492253
0.0824410766363
0.0216576550156
0.0349404513836
0.0898995921016
0.0308989007026
0.0228538475931
0.0264079328626
0.0769192352891
0.0421196334064
0.0122406557202
0.0229381229728
0.0570321604609
0.0692434087396
0.0167958512902
0.0247531887144
0.0526025928557
0.0323141925037
0.0326017998159
0.0239337421954
-0.0108239641413
0.0143565516919
-0.0170545186847
0.0264855530113
0.0342002287507
-0.000179045906407
-0.0187176335603
0.0185846854001
-0.0285457652062
-0.0266822595149
-0.0252349562943
0.00571743119508
-0.0590973831713
-0.0183391328901
-0.000131247885292
-0.00722325220704
-0.00104068324436
-0.0640199705958
-0.039361987263
-0.0443971678615
-0.0290548764169
-0.0748035386205
-0.0648896768689
-0.0139523958787
-0.014562189579
-0.0167100317776
0.0262659974396
-0.047918509692
-0.066900074482
-0.0603961311281
-0.0790325626731
-0.0707451254129
0.0194521937519
0.00700559467077
0.0592612363398
0.0755633190274
-0.0192531384528
0.00668339803815
-0.0257580429316
-0.0050818612799
-0.0101529462263
0.0238943714648
0.0284016430378
0.0654999688268
0.0494061000645
0.0285953525454
-0.0201782248914
0.032707542181
0.0245651546866
-0.030909832567
-0.058931324631
-0.056917514652
-0.0313493572176
-0.0474740117788
-0.0216928310692
-0.0530664846301
-0.0471662208438
-0.0422765575349
-0.0569947846234
-0.064137339592
0.0017233742401
-0.0204857997596
-0.0933564826846
-0.061092402786
-0.0361953042448
-0.103643678129
-0.0590535067022
-0.0738460347056
-0.00799437239766
0.00376268639229
-0.00875700078905
-0.0835352763534
-0.0773277282715
-0.0596294216812
-0.0702733919024
-0.0037753356155
0.00968015752733
0.0503288134933
0.0517019852996
0.0440264865756
0.0263973567635
0.0695129707456
0.0319588854909
0.100085988641
0.09126380831
0.0362854599953
0.044626865536
0.0749507173896
0.0157292392105
0.0289642363787
0.0533806756139
0.0450178124011
0.09088460356
0.0503267981112
0.0729091539979
0.0740468502045
0.0444703251123
0.0236980579793
0.0222354307771
0.0254220478237
0.0209042020142
0.0415183454752
0.0511400736868
0.0415800064802
-0.08768863976
-0.00580018386245
-0.0687895268202
-0.098018720746
-0.0978138893843
-0.0240089874715
-0.00866717286408
-0.0194891374558
-0.0385016351938
-0.0559888221323
-0.0313953720033
-0.0162129048258
-0.0954766869545
-0.0789577439427
-0.0829980224371
-0.0511428453028
-0.0412647426128
-0.0507695972919
-0.0608977302909
-0.0583423785865
-0.020148942247
-0.0440654009581
-0.0272363517433
-0.023537253961
-0.0545039586723
-0.0102133732289
-0.0546495988965
0.0082042766735
0.0066606644541
0.0309410616755
-0.0231115967035
0.0494211874902
-0.00298840994947
0.0389417335391
-0.00548658333719
-0.0140099152923
-0.0385690107942
-0.0363408662379
-0.0234455261379
-0.00138218747452
0.00884819030762
-0.0333920866251
0.0305739194155
0.00557918939739
-0.0430632084608
0.0303070750087
-0.0164595097303
-0.0109820114449
0.0100150480866
-0.0392545498908
0.00902364123613
-0.00946151465178
-0.0243441648781
-0.0113710733131
-0.0637962147593
-0.0421003364027
-0.0605247654021
-0.0979557409883
-0.134811401367
-0.11154691875
-0.0385320335627
-0.109643727541
-0.0907951444387
-0.0885993242264
-0.0480238050222
-0.123334400356
-0.0499859564006
-0.11922480166
-0.0713806897402
-0.096566952765
-0.0954954773188
-0.0578506439924
-0.0553487055004
-0.0941732004285
-0.0564882308245
-0.0270020589232
-0.129471048713
-0.0559324249625
-0.0380406305194
-0.129770711064
-0.05829019472
-0.0512671098113
-0.0902744084597
-0.0906197056174
-0.00651439651847
-0.0620873197913
-0.0333833470941
-0.0487022139132
-0.0780643671751
-0.0652563273907
-0.0705768465996
-0.0357072949409
-0.0700514763594
-0.0430566519499
-0.103179305792
-0.118474908173
0.00367815187201
-0.0440468788147
-0.066381059587
-0.0619172491133
-0.110308229923
-0.0786692798138
-0.103891007602
-0.075118727982
-0.0531865060329
-0.0819762945175
-0.0495321303606
-0.0688151270151
-0.00972180068493
-0.0317477211356
-0.0132098849863
-0.0430335700512
-0.0307405479252
-0.0359120108187
-0.0777354687452
-0.0274123288691
-0.0296416822821
0.0337935090065
0.0418298318982
-0.019137667492
-0.00373853323981
0.00547511829063
-0.0114040197805
-0.0300375428051
-0.0525583960116
-0.0270012933761
0.0334767177701
0.041250500828
0.0406421646476
0.00661617610604
0.0549996346235
0.0418128445745
0.0122313192114
0.026233587414
0.0176495630294
-0.0267708450556
-0.0529744103551
-0.0587673224509
-0.0203724633902
-0.0321476384997
-0.065979860723
0.00670926552266
-0.0468894429505
0.0180491320789
-0.00807673111558
-0.0412701740861
-0.0019712864887
0.0351937897503
-0.0494805090129
0.00585562270135
-0.0569625981152
-0.0186835434288
-0.0407691560686
0.0353291966021
-0.0480042174459
-0.000845668197144
0.0157628878951
-0.0264277309179
0.0199562422931
-0.0307417400181
-0.0297205410898
0.0203426331282
-0.00424922583625
0.0491128154099
0.0343707278371
-0.0275192707777
0.027591239661
0.0703203305602
0.00821587257087
0.0234380997717
-0.00238505634479
0.0214351043105
0.0131281884387
0.0254277829081
-0.0684043467045
-0.0226786974818
0.0235229264945
-0.0289091542363
-0.0552072227001
-0.0167729333043
0.029082801193
-0.0123644294217
0.0152793517336
-0.0586586855352
0.00836326740682
0.0461966432631
-0.0125625701621
-0.0766470804811
-0.0611934252083
-0.0179552063346
-0.00645342981443
0.0242140125483
0.00504640256986
-0.0163837634027
0.00812742765993
0.0275952890515
-0.00458046421409
0.000290479627438
-0.0188394952565
-0.0476370416582
-0.0732238590717
-0.0567770563066
-0.106140881777
-0.0867463126779
-0.0219935085624
-0.0721255838871
-0.105449512601
-0.110971793532
-0.0606560073793
-0.0806701630354
-0.119681917131
-0.122517250478
-0.131811320782
-0.0817921832204
-0.0916472449899
-0.0624656789005
-0.0031993330922
0.00608850643039
-0.00500846793875
0.0212288293988
-0.0231247078627
-0.0320419445634
0.0159105435014
0.0249326936901
0.0143346078694
-0.0531201548874
0.0199346076697
0.0121184065938
0.0287541095167
0.0138862943277
0.00408121198416
-0.0168366134167
0.0460275746882
-0.0343655124307
-0.041087102145
-0.00979013927281
0.0148878535256
-0.0439400337636
0.0443257391453
0.0315299145877
0.00860069971532
0.0247854609042
0.018658850342
-0.0956888198853
-0.100166372955
-0.069129511714
-0.0547534488142
-0.0635566860437
-0.0862271785736
-0.106446675956
-0.0627824962139
-0.0543019808829
-0.0350819341838
-0.0809639617801
-0.0649204924703
-0.090471483767
-0.0906240791082
-0.0606815703213
-0.0449062883854
-0.0485476478934
-0.0558322556317
-0.0359832756221
-0.0966335982084
-0.00388295110315
-0.120893634856
-0.072568975389
-0.0656520426273
-0.0318859368563
-0.0820088163018
-0.0522932484746
-0.0489808879793
0.00918561872095
-0.03131307289
-0.00397317064926
-0.0304308924824
-0.0219299066812
0.00641993898898
-0.00930562056601
-0.0247100405395
-0.0249682720751
-0.114280864596
-0.0162210613489
-0.0919455587864
-0.108714409173
-0.0925547704101
-0.121113426983
-0.0634451210499
-0.0873095467687
-0.125499919057
-0.0425191149116
-0.11886741966
-0.14506842196
-0.0685015842319
-0.138093933463
-0.060635894537
-0.0874422118068
-0.107745595276
-0.143804952502
-0.148050576448
-0.0850178599358
-0.121485188603
-0.0732142627239
-0.0670026913285
-0.114823184907
-0.0780482366681
-0.0414556823671
-0.00010073404701
-0.0361206680536
-0.0380108058453
-0.0653645470738
-0.053100541234
-0.00581802194938
-0.00992039404809
-0.0193751566112
0.0133688822389
-0.00587798980996
-0.00947388168424
-0.0146295269951
-0.0270025338978
0.0114618334919
0.0294851865619
0.041552349925
0.0447549037635
0.0144250718877
0.00860636681318
-0.0292426589876
-0.0463561527431
-0.0478782095015
-0.0183377917856
0.0143348192796
0.0361765027046
0.020149756223
0.0182084739208
-0.094602830708
-0.0633643642068
-0.0212656538934
-0.0952820405364
-0.111317619681
-0.0362672656775
-0.0881226435304
-0.0507057495415
-0.0837072506547
-0.138383939862
-0.127887353301
-0.0750786885619
-0.0753274932504
-0.0716810822487
-0.0878874659538
-0.0397390127182
-0.0515858754516
-0.0296014770865
0.0243245717138
0.0416105650365
0.0535723827779
0.0462282933295
0.0261115003377
0.0162886921316
0.0770974382758
0.0738431289792
0.0300272163004
0.0644463077188
0.0428246185184
-0.00115455128253
0.0163636039943
0.0280057601631
0.0781509131193
0.0470786690712
0.00384198687971
0.00292724184692
0.0173397976905
0.0637581348419
-0.00676184287295
0.0179912280291
0.0131983747706
0.0489478632808
0.030508775264
0.0395455695689
-0.0123878233135
0.0233324933797
0.0067726620473
0.00963956490159
0.0233086682856
0.0195556376129
0.0553955286741
0.0551123991609
-0.00376242795028
-0.00198143278249
0.014778546989
0.0740265697241
0.0334775224328
0.0663345456123
0.0382817387581
0.0146133359522
-0.00202235113829
0.0641203299165
0.0802576541901
0.0694983005524
0.0615193918347
0.016519125551
0.0514532923698
0.0224305652082
0.101316794753
0.00108864810318
0.0233886837959
0.0322445817292
0.0386725850403
0.00842543039471
-0.0599175654352
0.0712302923203
0.0182578861713
-0.00761890644208
0.0286353044212
0.0171040631831
0.0484120324254
-0.0183599218726
-0.014671866782
-0.0569725856185
0.0315077602863
-0.0294997766614
-0.0546608529985
0.0132894646376
0.0326287299395
-0.0242535527796
0.0065621114336
0.011117038317
-0.0745434984565
-0.0177522469312
-0.0427939072251
-0.0249025505036
0.0315265916288
0.00987068191171
0.0114972321317
-0.0495452843606
-0.0330807715654
-0.0123007576913
-0.0638123676181
-0.0652729645371
-0.041066467762
-0.0732644125819
-0.0126690752804
0.0188608020544
0.0320292338729
0.0161144193262
0.036070626229
-0.0134259769693
-0.0190703738481
-0.03436903283
0.00970069598407
-0.0242196861655
0.0165683049709
-0.000803133356385
0.0214064642787
0.016525214538
0.00967141240835
-0.0102818524465
0.0431093089283
0.0553016215563
0.0109114348888
0.0674544647336
-0.062998354435
-0.0602842532098
-0.0634787157178
-0.0263149812818
-0.0741797834635
-0.0243301261216
-0.0616101659834
-0.0869864374399
-0.0310399159789
-0.0671257227659
-0.0198282431811
-0.0734141170979
-0.0194066166878
-0.0753431618214
-0.0397900044918
0.00631352094933
-0.0400462150574
-0.0100379157811
-0.0262800697237
-0.0264897104353
-0.0997242331505
-0.0773235037923
-0.0715709403157
-0.0952038615942
-0.00651600398123
-0.0369819477201
-0.0974384173751
0.0709495022893
0.0778349041939
0.0746209546924
0.100406199694
0.124584175646
0.141047298908
0.0703571289778
0.0903319492936
0.0811857506633
0.0799283161759
0.0826917663217
0.118091508746
0.0801052078605
0.147406116128
0.126940429211
0.109595119953
0.0939486920834
0.0680211260915
0.059922862798
0.11028945446
0.0858072638512
0.0922040492296
0.0708207264543
0.0864959806204
0.122919864953
0.134114727378
0.0916478782892
-0.0345648154616
0.0304851718247
0.0247762128711
0.00956305582076
-0.0423959158361
-0.0262075811625
-0.00630158605054
-0.0283579472452
0.000572115299292
-0.0424785800278
-0.0432003587484
-0.0322654806077
-0.0360198058188
-0.00809675827622
-0.084447324276
-0.0526125952601
-0.072956956923
-0.0186067447066
-0.0603379607201
-0.0460938327014
-0.0158220827579
-0.0279811862856
-0.00340469297953
-0.0277298986912
-0.0669732987881
-0.0853558033705
-0.0237282440066
0.0064314622432
0.0072221797891
0.0247135721147
-0.00781298987567
-0.0284861456603
-0.0389457195997
0.0374514199793
-0.0424670130014
0.0057523464784
-0.0506116114557
-0.0423282757401
0.0138535136357
-0.0278061274439
0.00498613063246
-0.0633504837751
-0.0144922016189
-0.0180408079177
-0.070394217968
-0.00998269952834
0.00268141948618
-0.0120369801298
-0.0187550261617
0.0176993813366
-0.0270489510149
0.0197148583829
-0.0183224510401
-0.0128135774285
0.0858248323202
0.0596114881337
0.0615714378655
0.074260212481
0.0363406054676
0.0698294937611
0.0327458269894
0.0118515565991
0.0774567201734
-0.0342807173729
-0.055409155786
-0.0745571404696
-0.0596240907907
-0.0278622694314
0.0122197745368
-0.0264535732567
0.0112094525248
0.0192585997283
-0.0640202909708
-0.071793563664
-0.0442455224693
-0.030281053856
-0.0218742582947
-0.0609455667436
-0.075010150671
-0.0238272938877
-0.0624759048223
-0.0480443872511
0.0218973979354
0.0128941368312
-0.0146359531209
-0.0138528114185
0.0184606388211
0.0286319311708
0.0208848845214
-0.00619936129078
-0.00401332974434
0.0262244157493
0.0303350295871
0.0228507295251
-0.00889801234007
-0.00771542871371
0.00917873717844
-0.00615257350728
0.0171326044947
0.00435872888193
0.0283951032907
0.0211673639715
-0.00833320338279
0.0313729383051
0.036752127111
-0.0128599619493
0.0792322382331
0.0345377400517
-0.0655114352703
-0.129791513085
-0.0708489790559
-0.0544471889734
-0.0657864511013
-0.100083574653
-0.0966839268804
-0.109553173184
-0.057789195329
-0.0404694713652
-0.0966625213623
-0.0793700516224
-0.0125995809212
-0.0492072403431
-0.0477997288108
0.00416492810473
-0.0149448681623
0.00102233281359
-0.0475662648678
-0.0708910301328
-0.0323663689196
-0.0627538114786
-0.00500304531306
-0.0289972983301
0.0267046000808
-0.0294458959252
-0.0144652454183
-0.0461925156415
-0.0600663870573
0.00628817314282
-0.030919758603
-0.028216727078
-0.0263003986329
-0.0222821012139
-0.0496368631721
-0.0538587346673
-0.0090021463111
0.0499459728599
0.0514484718442
-0.0119827045128
-0.0392066910863
0.000522308633663
-0.0442653186619
-0.00687254080549
-0.0586596466601
0.0328953936696
-0.00754699204117
-0.00354511523619
-0.0119321355596
-0.025189820677
0.0427225157619
0.0190895479172
-0.0195301230997
0.01627538912
-0.0947933793068
-0.0646136403084
-0.0527562871575
-0.0737623795867
-0.0758804753423
-0.0528545416892
-0.0485636815429
-0.100805729628
-0.0402000956237
-0.0588851161301
-0.084971703589
-0.105912685394
-0.0946634560823
-0.133492067456
-0.0776714682579
-0.0609943717718
-0.106942541897
-0.105147346854
-0.0833889394999
-0.129319578409
-0.060551084578
-0.0663005337119
-0.0496883541346
-0.0891005173326
-0.0566174723208
-0.0959486961365
-0.0512139610946
-0.120503105223
-0.0995733216405
-0.0782101005316
-0.0504809506238
-0.115213140845
-0.094971396029
-0.0365932509303
-0.100785918534
-0.0885739177465
-0.019002135843
-0.0236426983029
-0.0728504508734
-0.0056473640725
-0.0335881710052
0.00112973852083
-0.0122914016247
0.00547393457964
0.000991455512121
-0.0100354813039
-0.0317307598889
0.0494257472456
-0.00934037286788
0.0100537771359
-0.0139348627999
-0.0265815649182
0.0189554803073
0.0296446625143
-0.0331370644271
-0.0315351635218
-0.0443835370243
0.0309457648546
0.0352963879704
0.0200379118323
-0.0325931683183
-0.0106892846525
-0.0254815369844
0.00706682540476
0.0220640506595
-0.0058502657339
-0.0438293665648
-0.0391833670437
0.0117700295523
0.0287627223879
-0.0265230424702
0.0305729005486
-0.00740323076025
0.0190322138369
-0.000801622052677
0.0235203336924
-0.0201497059315
-0.0325963944197
0.0172315388918
-0.0123003525659
0.00591921061277
-0.106492467225
-0.122130349278
-0.0745707973838
-0.0742761865258
-0.0803986564279
-0.0955898314714
-0.0933379903436
-0.0582759380341
-0.0629466325045
-0.0684054419398
-0.0938927605748
-0.0762454718351
-0.0843048542738
-0.0941671878099
-0.0575544908643
-0.0851959884167
-0.116369664669
-0.0694254115224
-0.0940165519714
-0.131566882133
-0.0464031845331
-0.105072163045
-0.100202836096
-0.132624164224
-0.0590237341821
-0.144086495042
-0.0702789947391
0.0346412472427
0.0631698593497
0.0237011928111
0.0680245906115
0.00776014197618
0.00388742610812
0.0252993367612
0.00776944216341
-0.0114379143342
0.017145216465
0.0269633997232
0.0396740622818
0.0694471374154
0.0052306917496
0.0682721436024
0.0141693111509
0.025876423344
-0.0158826448023
0.0275598168373
0.0170034505427
0.074476622045
0.0826044678688
0.0189048722386
0.0460722818971
0.00297309132293
-6.60416990286e-05
0.0187083836645
-0.0762487351894
-0.125952973962
-0.0833026617765
-0.0468508414924
-0.111774742603
-0.062229514122
-0.0627777129412
-0.0319138877094
-0.0490821152925
-0.0958663374186
-0.121883362532
-0.029164429754
-0.110887907445
-0.0491350516677
-0.112952299416
-0.103679329157
-0.0312674045563
-0.0124309919775
-0.0331953056157
-0.018898293376
-0.0451077818871
-0.0706111863256
-0.0627258718014
-0.0179210454226
-0.0807270482183
-0.0591733418405
0.0142753124237
-0.0109879123047
0.0429690666497
-0.0259528011084
0.0242660790682
-0.0569488629699
-0.00356197729707
-0.0483090132475
-0.0578668527305
-0.0441619604826
0.00174503726885
-0.0220007635653
0.0264831744134
-0.014421897009
0.0131215052679
0.0281892325729
-0.0405376516283
-0.000288002600428
0.0283879972994
0.0596966594458
0.0684242174029
-0.014251110144
-0.00596620887518
0.0417884774506
0.000466082448838
-0.0356203056872
0.0326239205897
-0.0111323650926
-0.00660498440266
-0.0498798079789
-0.0692903473973
-0.0543057993054
-0.0424885563552
-0.0637635812163
0.0114839524031
-0.0305642355233
-0.0528337918222
0.00251605990343
-0.019254680723
0.0286067966372
-0.0467100925744
-0.0498786270618
0.00853456836194
-0.00428951950744
-0.0190938003361
0.0185701195151
-0.0435453690588
0.0188920702785
0.0388119742274
0.0228365901858
-0.0302170701325
0.0311385206878
-0.0108287343755
-0.00927365943789
0.0254250392318
-0.0780984386802
-0.0620864517987
-0.0835843384266
-0.0453645698726
0.00618303520605
-0.0686489269137
0.0472413673997
0.0465901009738
0.00603286316618
-0.0219843573868
-0.0119077311829
-0.0518935546279
0.0324980728328
-0.0131749743596
-0.0413006953895
0.0226073376834
0.0226683169603
0.0352544300258
0.0585083812475
0.0321579575539
-0.0603148601949
0.00943216960877
0.0183124989271
-0.0173228923231
0.0431913770735
0.0902378484607
0.064381301403
-0.112603321671
-0.0726900547743
-0.074866220355
-0.0328437462449
-0.0711923912168
-0.0491629689932
-0.0555976629257
-0.0460510104895
-0.0685839354992
-0.0946851596236
-0.0707114413381
-0.0446397736669
-0.048185583204
-0.0553053952754
-0.0581506900489
-0.0231963116676
-0.0713782384992
-0.102865107358
-0.0057345633395
-0.0799494311213
-0.0175152849406
-0.0141512295231
-0.032309088856
-0.0598543025553
-0.0531658492982
-0.0115478169173
-0.0996585786343
0.0172333829105
0.0628245845437
0.0329760685563
0.0375223048031
0.0124241085723
0.0468663349748
0.0702228397131
0.0695123150945
0.00863383430988
0.0427034385502
-0.0306447353214
0.00305658346042
-0.040014192462
0.00624679867178
-0.0625570714474
0.0206173788756
-0.0155412489548
-0.0276397000998
-0.0504509583116
-0.0978880152106
-0.0353142470121
0.00535523612052
-0.0426570512354
-0.0777371227741
-0.00264346995391
-0.0624569319189
-0.0433564633131
-0.11912086606
-0.106654442847
-0.104469321668
-0.0621097385883
-0.111134536564
-0.105193898082
-0.0351715236902
-0.0589964799583
-0.0306069049984
-0.0816825032234
-0.0471451357007
-0.000593114935327
0.00229708827101
-0.0485838167369
0.00706465728581
-0.0758687779307
-0.021837932989
-0.0209030546248
-0.00175110553391
-0.022682864219
0.0426151268184
-0.0317129530013
-0.00459334254265
0.0453457944095
0.00396278267726
0.0416656769812
-0.0170502364635
-0.0670351609588
-0.115253485739
-0.0998532027006
-0.0472655296326
-0.117520950735
-0.0953802838922
-0.108174674213
-0.0551021285355
-0.0376679077744
-0.032995916903
-0.124675363302
-0.0951532870531
-0.07464338094
-0.0822755470872
-0.114342786372
-0.0184178352356
-0.0747652351856
-0.0671238154173
-0.075989343226
-0.0883854031563
-0.0180078186095
-0.0700081214309
-0.0506132543087
-0.0340890474617
-0.0645577758551
-0.0541065745056
-0.0768257156014
0.0567285604775
0.0318420529366
-0.0194906909019
0.0210690200329
0.0699629709125
0.0444590970874
0.0156699232757
0.0146752819419
0.042855989188
0.053744122386
0.0242346189916
0.0193041991442
0.0289553161711
0.0125884870067
0.0479959398508
0.00468378607184
0.030071746558
-0.00469093769789
-0.00679613929242
0.00923598278314
-0.00390542857349
0.0367137640715
-0.014013973996
0.0189785771072
0.00268581858836
0.02349053137
-0.0169595759362
0.140157401562
0.0790186002851
0.0687223449349
0.103900372982
0.111939199269
0.0845081582665
0.0917725116014
0.12676243484
0.0686979144812
0.127808362246
0.105645909905
0.108720712364
0.131145745516
0.0878471359611
0.132269650698
0.0628573745489
0.0606341175735
0.0581561438739
0.125480949879
0.143136814237
0.138419821858
0.0753875896335
0.11897893995
0.0625716820359
0.0956737697124
0.105409607291
0.0791779458523
-0.0862121507525
-0.113260224462
-0.12366643548
-0.0922544077039
-0.0593965426087
-0.115379340947
0.011670447886
-0.00939433742315
-0.0635226890445
-0.0319066904485
-0.0202950164676
-0.0164348911494
-0.00255580968224
-0.0279868338257
-0.0511708185077
0.0297489240766
0.0289927329868
-0.0415368080139
0.0228334031999
-0.0249818880111
0.0333609841764
-0.00510921375826
0.0133955115452
-0.0399253256619
0.0251832045615
0.0141108110547
0.0343465656042
0.0562700219452
0.0382011123002
0.0157197397202
0.0258325897157
0.0408587902784
0.0448901616037
0.0322758890688
0.034959346056
-0.0122225657105
0.0494698658586
0.0634174048901
0.085863314569
0.0510572530329
0.0146794877946
0.0215674452484
0.0548437088728
0.0433185473084
0.0291636493057
0.0288814101368
0.0668977424502
0.0469600223005
0.0129335727543
0.0174210518599
0.061672758311
0.0233022924513
0.038134381175
0.103961773217
-0.0593823567033
0.00318500003777
-0.0163765996695
0.00361526408233
0.00847872626036
-0.0167407356203
-0.000339617545251
-0.0263850875199
-0.0271914415061
-0.0728369951248
-0.0982408151031
-0.0588945783675
-0.0485364682972
-0.0741822049022
-0.069420017302
-0.0656316578388
-0.0636287108064
-0.06510322541
-0.0606723204255
-0.0400216393173
-0.0456936843693
-0.112046174705
-0.103925548494
-0.109158203006
-0.0852747187018
-0.107351750135
-0.0848279669881
0.000302527449094
-0.0211610868573
0.0189233906567
-0.00488594872877
-0.0328310057521
0.0413397364318
-0.00631774310023
0.0273044519126
0.0563367977738
-0.035587515682
-0.0496995598078
0.00464425375685
0.0395839102566
0.0212403628975
-0.0426982864738
0.0437836460769
-0.0248838104308
0.00260586803779
-0.0420050919056
0.0199193861336
-0.0262596197426
-0.0291966386139
0.00738061126322
-0.0545912533998
-0.0239698085934
0.038660813123
0.0459402911365
0.048733625561
0.0433125719428
0.00644913548604
-0.00830939505249
-0.0432873815298
0.000943377381191
-0.0839098319411
-0.0748584121466
-0.0441657118499
0.0382841452956
-0.0103137576953
0.0391344986856
0.0196783393621
0.0135831888765
0.0428761988878
-0.0341128893197
0.0220187865198
0.00521417194977
0.0686601251364
0.029412984848
0.0473570749164
-0.0434670560062
0.0202505029738
-0.0256458818913
-0.0586476139724
-0.0233774073422
-0.00924086011946
-0.0294656213373
0.00463150674477
-0.016085145995
-0.0377260111272
-0.0125665459782
0.0458157770336
0.0470348596573
0.0242342334241
-0.0210447199643
-0.0151619231328
-0.0491256155074
-0.00934993568808
0.00888112187386
-0.0011247243965
-0.0286183059216
-0.012104852125
0.0671667307615
0.0468720048666
-0.0619826838374
-0.0476799272001
0.0147426947951
0.0221444256604
0.0307602398098
-0.0216468442231
0.0262593273073
-0.0130226584151
0.0287163536996
0.0440243408084
0.0196687579155
0.0146744688973
-0.0177696626633
0.0412515364587
0.0712090581656
0.0116606969386
-0.0423129312694
-0.022837517783
-0.0258727986366
-0.00593950599432
0.0684506297112
0.0156448557973
-0.0455534234643
0.0289627555758
-0.00247303652577
0.00976608227938
-0.0188511386514
-0.0221723746508
0.0333969369531
0.0254094712436
-0.0228377506137
0.00389715470374
-0.0266458708793
-0.0801619291306
-0.0726680681109
-0.0424662530422
0.0194298475981
0.0094999326393
0.0366866216063
-0.00786887295544
0.0320858582854
0.0342929363251
-0.0338701307774
-0.00946886371821
0.0692882016301
0.00915583595634
-0.00592690287158
-0.011799137108
-0.020864021033
0.00957158859819
0.0172416269779
0.0409958213568
0.0393739901483
-0.00572430901229
-0.0158499777317
-0.0235547572374
-0.0151885924861
-0.00107725209091
-0.00171742204111
0.0380774699152
-0.0299804881215
0.0145469009876
0.0581247210503
-0.0650416761637
-0.0763933733106
-0.0356549918652
-0.0217497777194
-0.000647080130875
0.0199316591024
0.0215605776757
0.0310048088431
-0.0298587121069
-0.0432370901108
-0.0302208140492
-0.0655987113714
0.0293863918632
0.00224795215763
-0.00709661701694
0.0478013940156
0.014818620868
0.0100777316839
-0.00405628560111
-0.0674426853657
-0.0299397483468
0.0503173917532
0.0189372096211
0.0294996444136
0.0691360384226
0.0394375883043
0.0770439952612
-0.110854037106
-0.124240741134
-0.136472463608
-0.110251158476
-0.171362817287
-0.104293383658
-0.100450545549
-0.11545740068
-0.0707294419408
-0.110436245799
-0.134769052267
-0.107472166419
-0.042835701257
-0.0773198083043
-0.0845791995525
-0.0912446305156
-0.0801715552807
-0.0644033625722
-0.0356650613248
-0.0598198510706
-0.0212761741132
-0.0194797012955
-0.0733317956328
-0.0918933302164
0.00619906652719
-0.00543130468577
-0.0809314250946
0.00818337127566
-0.000889416201971
0.0120555292815
0.0292924065143
0.03507989645
0.0467872396111
0.0224476195872
0.0218927878886
0.0762829184532
-0.0226693246514
0.00986883416772
0.0626152679324
-0.0109678972512
0.0265495851636
0.0457146316767
0.0678435787559
0.0150634627789
0.0693433955312
0.00542910955846
0.0116727696732
0.00537152495235
0.0455038622022
0.0615409351885
0.0265088602901
-0.0187626741827
0.0655188038945
0.00875656772405
-0.0285488646477
-0.0579902939498
-0.00396172190085
-0.0107634849846
-0.0566587112844
0.00218315189704
-0.00217466056347
-0.0196212232113
-0.00411484204233
-0.0673440992832
-0.0497426241636
-0.0121517209336
-0.0839164182544
-0.0409854501486
-0.0418842919171
-0.0180274434388
-0.0235085226595
-0.0292204450816
-0.0389685630798
-0.0509934164584
-0.10619340837
-0.111490771174
-0.0723570287228
-0.114207901061
-0.0668270662427
-0.0488143712282
-0.0781373903155
0.0740981400013
-0.00829227268696
-0.0331560373306
0.000579402258154
0.0558523610234
-0.0084590613842
0.0202056206763
-0.0120785301551
0.0408440642059
0.0519214719534
0.0215795524418
-0.0161701627076
-0.0026526930742
0.0025905079674
-0.0199971869588
0.0873130857944
-0.00702854944393
0.0597784221172
0.0555591620505
0.0360319130123
0.0336289145052
-0.00617689080536
0.0491788201034
0.018875759095
-0.00776366936043
0.0355901941657
0.0192755181342
-0.0827276036143
-0.141907960176
-0.126358270645
-0.123336337507
-0.10107704252
-0.124504856765
-0.0653717443347
-0.138156548142
-0.118868723512
-0.0117416270077
-0.0255788210779
-0.0742976441979
-0.0396834649146
-0.0830616950989
-0.094861112535
0.0192230567336
0.000719927367754
-0.0170849617571
0.0242595616728
-0.0240866262466
0.00497209327295
0.0443452708423
-0.056336440146
-0.0353848226368
0.0725796371698
0.0194547958672
0.0468026548624
-0.020673038438
0.00521361641586
0.0053370418027
-0.0266384612769
0.0198590066284
-0.0173046477139
-0.000756611640099
-0.0198495406657
0.0415576957166
-0.00586860021576
-0.0642365887761
-0.0181433707476
-0.00700038531795
0.0214537251741
-0.00493563804775
-0.0447328984737
-0.00383417797275
-0.0380468294024
-0.0229260623455
-0.0672309547663
-0.0519505441189
-0.000609851849731
0.00441790977493
-0.0500072389841
-0.0360682047904
-0.0292798187584
0.00106662965845
0.00957179162651
0.065346673131
0.0684819966555
-0.00382050545886
-0.0122839212418
0.00304826907814
-0.09288585186
-0.0543477684259
-0.050737272948
0.0263744369149
0.0803128480911
0.08452770859
-0.0538076236844
-0.0513696186244
-0.016640657559
-0.0803039446473
-0.0752279981971
-0.021164175123
0.0709147080779
0.093637816608
0.0829890221357
0.0358756743371
-0.027108784765
0.00660372385755
-0.0810883566737
-0.0262364353985
-0.0261240061373
0.0562923364341
0.0141695542261
0.0398042052984
0.0427796542645
0.0359090454876
0.0449137166142
0.0492889396846
0.0255299005657
0.107563443482
0.0819182023406
0.0974678844213
0.0628803148866
0.0838845148683
0.0756339877844
0.0696054622531
0.109526477754
0.11132607609
0.0494244322181
0.0882656797767
0.0300476867706
0.0343003310263
0.0790063291788
0.0846469253302
0.0724363401532
0.0850682258606
0.0870219767094
0.10196569562
0.000450979510788
-0.000854120939039
0.000570769130718
-0.000526509131305
-0.000907532463316
0.00324020162225
-0.000492402294185
0.000322794629028
-0.000124729936942
0.000496072287206
-1.57464319273e-06
0.00117212103214
0.000719223287888
0.00153908878565
0.00188969168812
-0.000317896046909
0.00201337016188
0.00282713607885
-0.000573174504098
0.00251866225153
0.000400724005885
-9.23677475839e-07
-0.000378018477932
-0.000723652308807
-0.000221243812121
-0.000653276860248
4.11145992985e-06
-0.000861149339471
0.000786058255471
-0.00145107426215
7.349459338e-05
-0.000556507904548
-0.000184142889339
0.000123819190776
0.00122819282115
0.00128854368813
0.000919421494473
-0.00147919647861
-0.00122377998196
2.93631801469e-05
0.00155197212007
0.000749664846808
-0.000151410524268
-1.54560366354e-05
-0.000463364762254
-0.000813731458038
-0.000121221848531
0.000471738283522
-0.0011992455693
0.00214753835462
-0.000240152861807
0.000267598370556
-0.000109998291009
-0.000793733401224
0.000859844265506
-0.000327028625179
-0.000900859129615
-0.001020667376
0.00139219535049
-0.000351041642716
0.000582428474445
-0.00130626850296
-0.00159841030836
-8.8836546638e-05
0.00250435015187
-0.00232747988775
0.00121664872859
-0.00087055854965
-0.000958650081884
0.000271036202321
-0.000587964779697
-0.000347825698555
-0.000726815953385
-0.000323731015669
0.000924325140659
-0.000299695297144
0.00322774914093
0.000377922726329
0.00230263313279
0.000648113898933
0.000538668246008
-0.000176834160811
0.000614063232206
0.000725454476196
-0.000584646128118
-0.000662642531097
0.00100231450051
0.0017154829111
0.001347000245
0.000916406919714
0.000587622576859
0.00290485937148
0.000310953619191
-0.000513558275998
0.000537659565452
-0.000455424276879
0.00126695248764
-0.00127334427088
0.0051751579158
0.000214588246308
