5 5 6 16 
-0.0817778632045
-0.0798063650727
-0.109749600291
0.0713603720069
0.0809778124094
0.00798592716455
0.0201521087438
0.0912734791636
0.101217634976
0.0177242159843
-0.00336101651192
0.11056933552
0.0148027259856
-0.0907666236162
-0.0681778788567
0.0478378422558
-0.0216598212719
-0.0683734416962
-0.135101392865
-0.0574961192906
-0.0453063882887
-0.0691136568785
0.0261461474001
0.00635168608278
-0.0130947651342
0.107772320509
0.0478528775275
0.03491121158
-0.0199353974313
-0.00297538726591
0.0543401166797
0.113421909511
-0.105646446347
-0.104342550039
-0.106378771365
-0.00258964463137
0.0824154168367
-0.139844462276
-0.148762971163
-0.102220006287
-0.0576718561351
-0.0634537115693
0.0113213723525
-0.0787512212992
-0.164949893951
0.055119112134
0.126378491521
0.0797090381384
0.114269062877
0.162006467581
0.1007424891
-0.047257270664
-0.14994686842
-0.00821605231613
-0.125425368547
0.0232170205563
-0.115256629884
-0.0259800087661
-0.0869574546814
-0.126355692744
-0.079029276967
-0.086657486856
-0.072165004909
-0.123157054186
-0.188368707895
0.0473958775401
0.10729457438
0.112260885537
-0.00249384343624
0.0141340214759
0.131907403469
0.196014299989
0.144248574972
0.101460777223
-0.0273403860629
-0.0990102142096
-0.0929426699877
0.0343390740454
0.0399242341518
0.029988495633
-0.00888504926115
0.0309112221003
-0.025792196393
0.0438010618091
-0.0989913418889
-0.0382522344589
0.114289864898
-0.0455679632723
0.0419950783253
-0.135021805763
0.0212981626391
-0.10796135664
-0.17126442492
0.0600396245718
0.0825574323535
-0.080150321126
-0.0524493269622
9.72249690676e-05
-0.214199438691
-0.247839093208
0.0134095428512
0.083091430366
0.00930775329471
0.0617559961975
0.0143624218181
0.0437235608697
0.0302921738476
-0.093576580286
0.0554472021759
-0.102038539946
-0.0329429619014
-0.175493955612
-0.0897318720818
-0.19525590539
-0.0513617433608
-0.0560792908072
0.0345082804561
-0.172289460897
-0.166162803769
-0.27075317502
0.0672398656607
-0.0406265221536
0.0117378784344
-0.0442121885717
-0.138183683157
-0.0915614292026
-0.13939756155
-0.167811825871
-0.182144105434
-0.161273419857
0.0198065079749
-0.181670367718
-0.165084689856
-0.134113401175
-0.0993672162294
-0.185897096992
-0.204666003585
-0.0579947829247
-0.0376922897995
-0.174745589495
0.0907411798835
0.0910332128406
0.242505848408
0.247313320637
-0.0352655798197
0.1678494066
0.114198476076
0.2690538764
0.106235064566
0.176698312163
0.0576335825026
0.0689883232117
0.0209412500262
0.230460911989
0.10903558135
-0.0713201835752
-0.103643678129
-0.0686070248485
0.0336559675634
0.0435487963259
-0.101507425308
0.0124051403254
0.0745157748461
-0.137852326035
-0.0933795571327
-0.0430526137352
0.0409180633724
0.129319325089
-0.0176915153861
-0.00215973914601
-0.0171586424112
-0.090411812067
0.0458978302777
0.0345128923655
-0.0811624750495
-0.135587573051
-0.085259385407
0.0675590336323
0.167182162404
0.207272067666
-0.099490955472
0.000135910653626
-0.168101862073
-0.186561629176
-0.0164675712585
0.129670262337
0.0882332026958
0.0704420506954
-0.0892236679792
0.0530548766255
0.0139947030693
0.000743926095311
-0.0811925679445
-0.0382937006652
0.0342104323208
0.0639811605215
0.00990508496761
0.0455875210464
0.0475060418248
-0.0341257937253
-0.0245868880302
-0.162816464901
-0.0596317686141
0.0314915589988
0.0176169499755
0.0573999211192
0.0380061864853
-0.0710886716843
-0.113846234977
0.00541350618005
0.0634717717767
0.174383014441
0.0463947840035
0.0415160171688
-0.109808862209
-0.102132894099
0.000544978422113
-0.0433160699904
-0.0871265679598
-0.0138827832416
0.0485020838678
-0.0204297415912
-0.0301186721772
0.0703091025352
0.0203295927495
0.224130138755
0.253595560789
0.099645152688
0.10444240272
0.0669315382838
0.0923916846514
0.11121314019
0.286457359791
0.175034627318
-0.0135016608983
-0.0820811912417
-0.096149303019
-0.115583367646
-0.0153727689758
-0.00478611979634
0.0802050605416
0.134550988674
-0.0741816088557
-0.06397228688
0.00567961158231
-0.116160936654
-0.142869576812
0.0214197598398
-0.0148961087689
0.0329679362476
-0.147758170962
-0.180792853236
0.0832154601812
-0.000295906123938
0.128136023879
-0.181571796536
-0.251181662083
-0.188019379973
0.046530816704
0.175972744823
-0.0794806331396
-0.0624270215631
-0.114593490958
-0.19020152092
0.0775923281908
0.0771394744515
-0.0365414507687
-0.0290406923741
-0.111803546548
-0.0056564589031
0.0874834656715
-0.0409721024334
-0.0628137364984
-0.0121036758646
0.0882659032941
-0.118083536625
-0.0804559662938
-0.19149838388
-0.225472256541
-0.03833784163
0.130693778396
0.126363307238
-0.0280559882522
-0.170033544302
-0.117046698928
0.145953446627
0.0980780124664
0.231758013368
-0.0126142986119
-0.0681347846985
-0.0403842255473
-0.0308908112347
-0.0466190911829
0.0384442508221
-0.0142287677154
0.228489756584
0.115793645382
0.0135500179604
0.0710077136755
0.0552577339113
-0.0790700316429
-0.00606563128531
0.130597263575
0.105078957975
0.0148634715006
0.0391136370599
-0.0153976986185
0.138966083527
0.190038397908
0.19068428874
0.0624992661178
0.0535676255822
-0.0943480208516
0.086943693459
0.217112600803
0.0784117430449
0.0607463829219
-0.0370354577899
0.0514676198363
-0.0313795022666
0.0954357758164
0.0486190766096
0.122388519347
0.0949202030897
-0.127236589789
-0.131255924702
-0.14218147099
-0.00202048500068
0.0691001117229
-0.0738163739443
-0.0758506208658
-0.206499293447
-0.171261116862
0.03860636428
0.158985674381
0.113283023238
0.171782359481
-0.068107418716
-0.16638250649
0.0753766819835
0.0740711018443
0.106293283403
0.149086341262
0.0091481199488
0.0174973849207
0.104590766132
0.0434131398797
0.0221034437418
-0.00490245688707
0.0111619187519
-0.0513320304453
-0.0920172706246
0.0303683076054
0.0368380323052
-0.00657831551507
-0.064946308732
-0.155666008592
-0.0819307118654
-0.0516584962606
0.0676190033555
0.164420932531
0.155505567789
-0.0744391530752
0.0680563226342
-0.0124402111396
-0.0657469332218
-0.0359503179789
0.024077957496
0.136970743537
-0.0725012943149
-0.0248771943152
0.0373451933265
0.0567159429193
-0.0996795073152
-0.165915444493
-0.00465685548261
-0.0107212169096
-0.00219906657003
-0.0570251084864
0.132479101419
0.134185954928
0.234936475754
0.122018314898
-0.0753872320056
-0.0616949647665
-0.131704196334
-0.223969131708
0.0102796116844
0.160316348076
-0.0584423206747
0.126518756151
0.0673579275608
-0.074615098536
-0.0408591330051
-0.029004406184
0.123799622059
0.0144814280793
0.0654699057341
0.0910042151809
-0.0669363066554
-0.0558296963573
-0.00158022053074
0.0206630155444
0.0112400036305
-0.0485637262464
-0.0679655298591
-0.174024865031
0.0324112437665
0.0221349857748
0.0689852982759
-0.0268341191113
-0.179384812713
-0.262269616127
-0.0527695342898
0.103048540652
0.0564432740211
0.0373808555305
0.0326162166893
-0.0390074253082
-0.120842017233
0.00912958849221
0.116339728236
0.0710252001882
0.0511212125421
-0.0797899737954
0.055616337806
0.0893785953522
-0.0453318469226
0.0133837256581
-0.0965819880366
-0.0689856261015
-0.120839312673
-0.206964418292
-0.135129481554
0.124419651926
0.0820230171084
0.0719456672668
0.0590585581958
0.0754988789558
-0.0266606844962
-0.0149433454499
0.0246537066996
0.114766426384
0.0917887091637
-0.022053970024
0.0141436802223
-0.0326594822109
0.030669009313
0.138911753893
-0.198429748416
0.0278974398971
-0.110586069524
-0.0958686321974
-0.168043628335
-0.162362277508
-0.101008325815
-0.150624617934
-0.0819086506963
-0.0662713572383
0.0913991630077
0.0507008768618
-0.00810114387423
-0.0141836684197
-0.0585132502019
0.045406203717
0.134251609445
0.154466047883
0.0768830254674
0.126628756523
0.0246828440577
0.0107419993728
0.00387265952304
-0.000557092775125
0.0621971078217
0.0726795420051
-0.106468558311
-0.0816932395101
-0.178917169571
-0.046791292727
0.0322714261711
-0.122467495501
-0.0795886591077
-0.151181161404
-0.138992995024
-0.104452848434
0.0677764639258
0.0979580134153
-0.00879158172756
-0.179850637913
-0.0618960410357
0.061348348856
0.114219307899
0.1308722049
0.0577423125505
-0.10969158262
-0.114155940711
0.297129869461
0.190243378282
0.196945935488
0.124393343925
-0.0282442830503
-0.0524803437293
0.104692399502
0.0187216531485
0.00824177078903
0.044531557709
-0.13500867784
-0.0500550530851
0.0372721664608
-0.0507103092968
0.190150827169
0.0456203334033
0.00833832938224
-0.0971427038312
-0.209435135126
0.131527498364
-0.0149587523192
0.118185207248
0.106822907925
-0.105996571481
0.0290074199438
0.0177220106125
-0.0553867593408
-0.0661132633686
-0.0184988658875
-0.0905688628554
-0.139811202884
0.0209256466478
-0.0306601431221
0.00797790382057
0.101772584021
-0.0105337202549
0.0739219635725
0.172331944108
0.214565634727
-0.0188452806324
0.0239594355226
0.194913268089
0.23189252615
0.341217577457
0.0451423041523
-0.194205626845
-0.130423069
-0.184946998954
-0.0330472812057
0.115588754416
-0.00915656983852
-0.0680802613497
0.0289630740881
-0.175494402647
-0.163710981607
-0.182904884219
-0.141620382667
-0.0375951714814
-0.0433917045593
-0.12137221545
-0.0788653194904
-0.138097286224
-0.0945656970143
0.0309660173953
-0.123705200851
-0.125235587358
-0.192728698254
-0.192278891802
-0.153587803245
0.083930850029
0.0569672957063
-0.0194286499172
-0.0735975652933
-0.301789522171
0.0844261199236
0.115876428783
0.13507810235
0.0510992892087
-0.159118160605
-0.0841631516814
0.0454182587564
0.154434993863
0.181366667151
0.172045201063
-0.136169984937
0.0666077584028
-0.105851538479
-0.108981207013
-0.168974161148
0.0783122330904
0.139871686697
-0.00562217831612
-0.0762211605906
-0.210850596428
-0.0586568750441
0.0960426256061
0.131298735738
0.0177829302847
-0.0349519848824
-0.129301860929
0.0722540840507
0.0515523925424
-0.0771987065673
-0.00765390042216
0.0423688627779
-0.0783756971359
0.0877667739987
0.0733396038413
0.140351951122
0.0362388268113
0.00237869471312
-0.0136048309505
0.125007361174
0.101700201631
-0.0583109073341
0.0399244613945
0.0610876753926
0.0566344484687
-0.0093360664323
0.113102957606
0.0203991904855
0.00502007128671
-0.0568618215621
-0.0504993386567
0.15742495656
0.047556925565
0.0297426320612
0.032054848969
0.0692291408777
-0.137252941728
0.00622901180759
-0.13545806706
0.0209142360836
-0.167204767466
0.0424890518188
-0.118858426809
-0.13234783709
-0.0219565331936
0.066354714334
0.0907539650798
0.029502665624
0.163805797696
0.0718885660172
0.0411983020604
0.214543238282
0.0713458284736
0.167336195707
0.0706888735294
-0.065064445138
-0.00365861575119
-0.0640504062176
-0.143113955855
-0.0644343644381
0.00423025153577
-0.00509413145483
-0.00267902784981
-0.0305232666433
0.0435502938926
0.00367574347183
0.0718752965331
0.122792214155
-0.00289830123074
0.131046548486
0.00557274185121
0.0329919010401
-0.00370464031585
0.104581989348
0.165446102619
0.104412697256
0.0996102765203
0.17086815834
0.145463973284
-0.0479759424925
0.01136805024
0.00339687475935
-0.150913447142
-0.164523944259
-0.0537561997771
-0.0721598342061
0.0509090982378
-0.05014609918
0.127607032657
0.0784449353814
0.0931724533439
-0.0875613391399
-0.0721356347203
0.0604183524847
0.0362690724432
0.0368788167834
-0.094161041081
0.087110042572
-0.0412771292031
-0.130654886365
-0.144468024373
0.0587549060583
0.0881228148937
0.100047565997
0.249316006899
0.172536194324
0.177139028907
0.2478531003
0.19432759285
0.266487419605
0.00256164791062
-0.144545853138
0.011551246047
-0.0548655875027
-0.119598157704
-0.0724525153637
0.0449279546738
0.0791654735804
-0.134106978774
-0.178512111306
0.0142945256084
-0.0830996856093
0.0163459125906
-0.0424123480916
-0.0382893383503
-0.0811119154096
0.098688878119
0.101267777383
0.0986481979489
0.0213938746601
0.0359737575054
-0.0446533635259
-0.109386377037
-0.13489665091
-0.051639419049
-0.0334161743522
0.00734699703753
-0.042304135859
0.0998868271708
-0.0058693732135
-0.0358341410756
0.0763094499707
0.0697744116187
0.130630970001
-0.0961792916059
0.13684694469
-0.0926498398185
-0.0256793703884
0.120125174522
0.181743010879
0.177681013942
0.0333328507841
0.0774192512035
0.125343292952
-0.0231728758663
-0.0997864827514
-0.13662789762
-0.109092235565
-0.088801831007
-0.180380731821
-0.0699423551559
0.131795793772
0.143282175064
-0.0654927715659
-0.0630109235644
0.102634109557
0.110940955579
0.121080413461
0.1122886464
0.0710530206561
-0.0395486056805
-0.0711554512382
0.00110760284588
0.102483339608
-0.0106384363025
0.0546840950847
0.112965360284
-0.0768195167184
-0.0638026446104
0.106893189251
-0.0236803758889
0.0756103098392
0.0646849423647
-0.00986885465682
0.0709208846092
-0.0403033569455
0.1011217013
0.150765568018
-0.0100439693779
0.0114568555728
-0.024354595691
0.0852348953485
0.137950018048
0.123345114291
0.00102882203646
-0.0787500664592
0.0965123698115
-0.0162461008877
-0.126920729876
-0.0528299696743
-0.0919517502189
-0.0885037109256
-0.0626009777188
-0.143943279982
0.00346631743014
-0.09922439605
0.0397813096642
0.0134887443855
-0.0913316234946
-0.0761201530695
-0.140674114227
0.0671561583877
0.135127276182
0.0137611888349
-0.0363941416144
0.0328605249524
-0.089779689908
-0.00252852076665
0.0868553370237
0.0909069925547
-0.088996604085
0.137703895569
-0.0375532954931
0.00411370722577
0.0741018205881
0.0806151330471
0.057934012264
0.0747544318438
0.074786812067
-0.00250277924351
0.0712868645787
0.132250010967
0.112673304975
0.120674237609
-0.0291706137359
-0.0250008106232
-0.0363650396466
-0.0969782397151
-0.0909281671047
-0.0161250885576
0.0772184878588
0.129873201251
0.0374796800315
-0.0738214626908
-0.0831558033824
-0.0678874775767
0.0277226157486
0.20885913074
0.0518288575113
0.118218168616
0.0784472376108
0.0625107884407
0.026562275365
0.162539646029
0.100741237402
-0.132776558399
0.0882924795151
0.131449982524
-0.00962588656694
0.0384152382612
0.138756528497
-0.0830344557762
0.0233168695122
-0.174952596426
-0.00207571848296
-0.0648886933923
-0.118966214359
0.0105931386352
-0.049524653703
-0.0072113010101
-0.0841420069337
0.000407529238146
-0.0140938283876
0.0415388792753
-0.0644676536322
0.089393042028
0.00558095332235
-0.0244240090251
0.0750233083963
0.0723193436861
0.0182195976377
0.0902998670936
0.137776941061
0.0803895667195
-0.0761468932033
0.0104551650584
0.0168459974229
0.122553117573
0.128825515509
0.00774983083829
-0.0123902764171
-0.122653223574
0.0702889040112
0.128241166472
0.129191488028
0.0490830168128
-0.0814094543457
0.0459185317159
0.0347033888102
0.00379611807875
0.000220722300583
-0.00485285883769
0.0649222955108
-0.0767328068614
0.0226663611829
0.0478336811066
-0.0168705098331
0.146309614182
0.064825348556
0.150420233607
0.059691529721
-0.0679632797837
0.0121493590996
-0.0813008472323
-0.115580327809
0.0965617597103
-0.0189955700189
-0.0644138455391
0.0550372041762
0.0709887892008
0.100957140326
0.0516976937652
0.117814987898
0.0477052740753
0.0100074363872
0.244728803635
-0.0442907400429
0.19978427887
0.335605472326
-0.0287117976695
-0.0369488075376
0.00206037750468
0.0368851311505
0.288404196501
0.275365203619
0.00539027154446
-0.026390042156
-0.129420697689
-0.0153966592625
-0.0564997792244
0.00671899458393
-0.0233570821583
-0.00701065734029
-0.153953447938
-0.101888179779
-0.0488394759595
-0.103750087321
0.0741191282868
-0.125970050693
-0.288094907999
-0.191582664847
-0.044962964952
0.0426193326712
0.254427492619
0.150870099664
-0.262509435415
0.0194599740207
-0.157003760338
-0.000469164282549
0.220916703343
-0.0514194555581
-0.0473312139511
0.0474192388356
0.0158948078752
0.138569042087
0.0743174627423
0.0356076285243
0.0845661312342
0.109431162477
0.20240996778
-0.0237991567701
0.0701418742537
0.173938468099
-0.0313558280468
-0.00618776446208
-0.0875713452697
-0.147415354848
0.110417194664
0.158306211233
0.14228823781
0.063496761024
-0.124336756766
0.0232360009104
0.119096815586
0.0633334740996
-0.00601348886266
-0.000309531722451
0.0300995986909
0.067442804575
0.0342176742852
-0.0252758059651
0.00874012988061
0.0977490320802
-0.0505312532187
-0.0256179478019
0.123962722719
0.0101648885757
-0.0175227373838
0.186059877276
0.325954169035
0.114183716476
0.20273219049
0.161217436194
-0.110418617725
-0.00106835365295
0.203610911965
0.0492869764566
0.164456382394
0.159212082624
0.0694956928492
-0.0096617070958
0.125256195664
-0.0425704568624
-0.0349307581782
0.071512080729
0.112455412745
-0.0512245446444
-0.050924487412
-0.0040410477668
0.146204203367
-0.066228248179
0.0930759683251
0.154221251607
-0.142305463552
-0.0166971404105
0.101562350988
-0.0360806770623
0.126448348165
0.0968703404069
-0.0783022865653
-0.0669135823846
-0.0912308245897
0.0472258292139
0.136621445417
-0.0487757138908
-0.125434607267
0.0193678308278
0.0577890388668
-0.0200110636652
0.123173765838
0.059031765908
-0.00293920794502
0.0127654084936
0.128411516547
0.288905233145
0.113998539746
-0.109700746834
0.0192768722773
-0.0584707185626
-0.0846686288714
-0.0677892416716
-0.105888299644
-0.0641242563725
-0.00970007665455
0.12967351079
0.0514022186399
-0.164681062102
-0.176801785827
-0.0686513856053
0.157734587789
-0.0277774799615
-0.0238136295229
0.00388767570257
-0.00312131107785
0.0750360563397
0.0468678623438
0.074496358633
0.00263562030159
0.0547494888306
-0.0711914747953
0.112499602139
-0.10647752136
-0.114343695343
-0.164244234562
0.0289453323931
0.198187977076
-0.106745399535
-0.000339042133419
0.0833593383431
0.0750650838017
0.0305256657302
-0.0633748471737
-0.036415759474
0.100813366473
0.0961134359241
-0.111200869083
-0.16182731092
-0.12326169014
-0.0845604017377
0.102164126933
0.102652460337
-0.0121164778247
0.0705723464489
0.0234694257379
0.00912349764258
-0.0509490147233
-0.0776192471385
-0.0796179771423
-0.0846312865615
0.0560715980828
0.00716707855463
-0.122379399836
0.044333640486
0.0649763569236
-0.0054672723636
-0.211022615433
0.0356735736132
0.131033331156
-0.000652573653497
-0.0798218175769
-0.106002263725
-0.0549483597279
-0.065553419292
0.0622972622514
0.0467924028635
-0.107689999044
0.0191276762635
0.116935312748
0.0589054636657
-0.10475115478
-0.0296102501452
0.156184360385
-0.0272885449231
-0.0134709309787
-0.0953269675374
-0.100703850389
0.00774434581399
-0.0606246218085
0.0125118633732
-0.000367315980839
0.0630914345384
-0.124296635389
-0.0820758342743
0.185098007321
0.127599403262
0.0321731343865
0.0957807227969
-0.019433170557
0.0959469154477
0.0911759063601
0.0708754584193
0.116408020258
0.00198419345543
-0.0138979554176
0.0311186928302
-0.0511021204293
-0.0253933761269
0.000228489967412
-0.00235416251235
0.142813012004
-0.0262028444558
-0.0017948114546
0.11414218694
-0.00795863009989
-0.0151417646557
-0.0885911881924
0.067135438323
0.0413499958813
-0.0574294552207
-0.0727608725429
0.0499664321542
-0.0461373925209
-0.00819730293006
0.206312030554
0.0100362682715
-0.0521922558546
-0.0141886435449
0.149647116661
0.0695249438286
-0.014367999509
-0.0731117203832
0.14361537993
0.179188922048
-0.0837216600776
0.0689311698079
-0.0905677974224
-0.0452207401395
-0.067071415484
0.134451135993
0.00196431833319
-0.102787539363
0.0703871399164
0.0639521479607
-0.0329371839762
-0.0461442507803
-0.104954592884
-0.0571042485535
0.0631054341793
0.0659712851048
0.132223069668
0.0060689128004
0.00377630791627
0.129619121552
0.136617705226
-0.0292595531791
-0.167418450117
0.0268993806094
0.212370216846
0.0823167636991
-0.125847771764
-0.0666767656803
0.218195050955
-0.148276373744
-0.0401983186603
-0.00381824490614
-0.0276383366436
-0.106116749346
-0.161737591028
-0.0344519093633
0.0957939848304
-0.000774794607423
0.0250339638442
0.0429079420865
-0.0950157791376
-0.0580131113529
0.108616650105
-0.0632216632366
-0.0217888914049
0.0416582636535
-0.0251498296857
0.0652934014797
-0.010852121748
0.0515692867339
0.0512005016208
-0.0323238782585
0.057232953608
-0.0975360646844
-0.0448041930795
0.0235789045691
0.108086295426
0.0900154411793
-0.130360156298
-0.0283405035734
0.0768771469593
0.128420233727
-0.0380726158619
-0.299588352442
-0.275996953249
0.0174816418439
0.202923506498
0.0376147255301
-0.252707600594
-0.168085291982
0.195339038968
0.146576449275
-0.138728544116
-0.276866167784
-0.0429757758975
0.177719384432
0.164971321821
-0.175349205732
-0.228353813291
-0.0321795940399
0.306433975697
0.124259777367
-0.107597216964
-0.0431527495384
0.142447948456
0.112536989152
0.0321042984724
-0.0904744118452
-0.026966271922
0.102703422308
0.116258494556
-0.0336386673152
-0.00254328222945
0.10824431479
0.118006579578
-0.134100645781
-0.149947732687
-0.0842282697558
-0.0336497500539
-0.0507033951581
-0.00250645540655
-0.131611615419
-0.0501494407654
-0.0112738534808
-0.0272081978619
-0.0337657891214
-0.0250927116722
-0.0436471924186
-0.129801928997
-0.120379030704
0.0135950697586
-0.128986492753
0.0591097660363
-0.0452526248991
-0.00679647456855
-0.0922240391374
0.0476292446256
0.113102264702
0.0113129578531
-0.0669918432832
-0.0351676531136
0.0622233971953
0.145909130573
-0.175987184048
-0.0146971605718
-0.112787544727
-0.0813467353582
-0.0580533184111
-0.217225551605
0.00695142289624
-0.0751651525497
-0.0506184138358
-0.0136394025758
-0.0432280339301
0.0494542233646
0.168546155095
-0.0183020457625
-0.0543342866004
-0.179713964462
0.148143991828
0.0439562276006
0.0110329370946
-0.123876839876
-0.0507957786322
0.13053265214
-0.125746026635
0.0087552908808
-0.155040830374
0.0311377178878
0.0448024794459
0.0620586276054
-0.141644522548
-0.130607187748
-0.137459993362
0.0505078434944
0.0814774483442
-0.114256285131
-0.139527857304
0.0366414450109
-0.0276127886027
0.045040383935
0.0583496615291
-0.0405044741929
-0.152611255646
0.237842321396
0.0933804139495
-0.164265871048
-0.114089973271
-0.123202830553
0.177805796266
-0.142093524337
-0.264616400003
-0.153045579791
0.186567664146
-0.0616689622402
-0.132812857628
-0.103049114347
-0.0374422594905
0.179355964065
-0.16543635726
-0.186628356576
-0.00610424438491
-0.0239542070776
0.0113790845498
-0.0566798113286
-0.140508815646
0.0499296300113
0.091477625072
0.0110082132742
0.0145555855706
0.129840880632
0.0992462188005
-0.0529098175466
0.0481088906527
-0.0424315705895
0.0113698355854
0.0171882417053
0.022438282147
0.204677522182
0.207563593984
0.0635038912296
0.00175447086804
0.0147293796763
0.0775808468461
0.15887029469
0.112838365138
0.0480433739722
0.0549149140716
-0.0842984467745
-0.134797915816
-0.100119031966
0.00953751336783
-0.0869932845235
-0.163627669215
0.0389143303037
0.0305598862469
0.0440044105053
0.0264025237411
0.114417344332
0.14925788343
0.11761944741
0.0162852015346
-0.040184609592
0.0622797571123
0.0787617042661
0.0693410485983
-0.100754588842
0.0202189944685
-0.0850241631269
-0.143300756812
-0.118282832205
-0.0560665652156
-0.122367113829
0.00817643571645
-0.141786441207
-0.240443512797
-0.0445758029819
-0.127953633666
-0.0748483091593
0.0320288874209
-0.0681799650192
0.059184897691
0.0234686452895
0.0501831844449
0.137855619192
0.0496709756553
-0.00655292812735
0.0367450006306
0.114256337285
0.0638860762119
0.0951176583767
-0.0490403138101
0.008445921354
-0.112139120698
-0.00543302157894
-0.0256587266922
0.0224561057985
0.051953881979
0.252953767776
0.0319367088377
-0.0324543826282
-0.00456028105691
0.0286502465606
0.0292448960245
-0.0831449851394
0.00791507214308
0.0445490814745
0.0826765671372
0.0454375371337
0.0822984501719
-0.0416472628713
0.082370787859
0.0748878195882
0.0317958518863
-0.0545352548361
-0.0245034135878
0.150058418512
-0.0511779375374
0.292978048325
0.344008356333
0.209570944309
0.218709692359
-0.0329079702497
-0.13029165566
-0.149695768952
0.0150005947798
0.0179454982281
-0.0410587750375
-0.0843825563788
0.1344255656
0.0401554554701
0.0331848040223
-0.0469248481095
0.134966880083
0.101118519902
0.0639488995075
-0.0270024202764
0.00709381559864
0.173100754619
-0.000712962937541
-0.153949156404
-0.0302717238665
-0.0752071216702
-0.141445919871
-0.0633716285229
0.0365751497447
-0.0652693584561
-0.0793879702687
0.00212880736217
-0.219718396664
-0.0955915674567
-0.0052124899812
-0.000228907039855
0.0521141923964
-0.0711301267147
0.0867759287357
0.00677421595901
0.110128089786
-0.104964420199
0.088948585093
0.110663190484
0.0802232325077
0.117583423853
-0.0829180702567
0.117909699678
0.0315614528954
0.0184824056923
-0.111788272858
-0.171362832189
-0.265442281961
-0.0162813160568
-0.117146216333
-0.0275420006365
0.274010360241
0.255992949009
0.0913096293807
0.0332602746785
-0.00209711585194
0.108870230615
0.132214263082
0.0394342020154
-0.0623108334839
-0.0624105930328
0.133382439613
0.110738515854
0.14186283946
0.12931843102
-0.0708344057202
0.177828341722
-0.0246364902705
0.21708868444
0.126665249467
0.0728912577033
-0.0637439265847
-0.00673449132591
0.106775693595
0.217385336757
-0.114705599844
0.145675361156
-0.0620071776211
-0.036877874285
0.0456489920616
-0.0871876254678
-0.0672028958797
-0.0854881927371
-0.145270869136
-0.181132167578
-0.127061545849
0.019556472078
0.107190288603
0.0639377236366
0.0872500091791
0.0244399830699
-0.0628761053085
0.0139420386404
0.131169512868
0.046200312674
0.0956620424986
-0.0226377621293
-0.0705161094666
0.0148293152452
0.0204361435026
0.128088310361
-0.117394246161
0.0529101341963
-0.190904691815
-0.0784271582961
0.123450934887
-0.0830010175705
0.0298305824399
-0.078319914639
-0.0190407577902
0.0217657405883
0.056657768786
0.167753711343
0.106874383986
0.141864687204
0.0709772780538
-0.0237655583769
-0.0506819970906
0.143409952521
0.0764464139938
-0.0594553798437
0.0797500908375
-0.0730174258351
0.013235331513
0.0794323906302
-0.168653443456
0.100070975721
-0.0455211251974
-0.0173859074712
-0.115396492183
-0.16267991066
0.0296658426523
-0.0183867961168
-0.065903134644
0.0637101531029
-0.086862385273
0.0581597574055
-0.0303460005671
0.0733470842242
0.0208333842456
-0.114854365587
0.163264766335
0.205344304442
0.117134697735
-0.0210995357484
0.0585893578827
0.133005335927
0.150249958038
0.125763595104
0.118320822716
0.00734997866675
-0.0564159788191
-0.0287383887917
-0.0765785649419
-0.0824548155069
-0.0963823571801
-0.170398131013
-0.165918901563
-0.0508150681853
-0.0332782492042
0.0276466831565
-0.107607714832
-0.0925351828337
-0.169632330537
-0.0268562622368
0.0473199151456
-0.0563629344106
-0.190145596862
0.106690391898
-0.034937415272
-0.127595633268
-0.0311666149646
-0.138079285622
0.232439741492
0.03974532336
-0.0207212157547
0.0736595243216
-0.0585392974317
0.139424875379
-0.0655013248324
-0.132816016674
0.0513344891369
0.0169170256704
-0.00306876259856
0.0955417007208
0.0868840962648
0.105194345117
0.152374386787
0.242669761181
0.186964988708
0.189778864384
0.0453259572387
-0.0101259863004
0.0950457975268
0.109981067479
0.0814666077495
-0.0193228237331
-0.0747179985046
0.0311442483217
0.0123454360291
-0.148580372334
-0.029510224238
0.0285538882017
0.135191485286
0.0587941817939
-0.274340689182
0.0809866711497
0.017139736563
-0.0336455479264
0.00544990599155
0.034598082304
0.0943163186312
0.0022646819707
0.0936351194978
0.114157259464
-0.0131145427004
0.0416106507182
-0.0162463914603
-0.00229696277529
-0.0328419692814
0.0569305382669
-0.103237874806
0.090864084661
0.142807126045
0.146812707186
-0.0331546999514
0.050100594759
0.0475125312805
-0.00847717188299
0.0354967974126
0.0662375688553
0.107751369476
-0.0746121481061
-0.0641587972641
0.0455802083015
-0.141792148352
0.0554807335138
0.0112161729485
-0.0766519680619
-0.0995097160339
-0.146702528
-0.0349055230618
0.0867088362575
-0.00287403259426
-0.0590043962002
-0.0105709210038
-0.063292466104
-0.030447492376
0.0761762708426
0.065977551043
0.0926079750061
-0.0921322628856
-0.162235707045
-0.0856586843729
0.0613648295403
-0.0103270057589
0.0940791517496
0.073986954987
-0.0745806396008
-0.0925112515688
0.0148406177759
-0.00225824466906
-0.0671674236655
-0.107219256461
-0.0909689664841
-0.0399566367269
0.125964954495
0.0598862096667
-0.0567609257996
-0.0884693786502
0.0283102765679
-0.115684442222
-0.0367585346103
-0.100946426392
0.0203418117017
-0.0194499287754
0.0351334400475
0.0576136037707
-0.0956144109368
0.00971905887127
-0.0328938886523
-0.183450430632
-0.0154853779823
-0.124286003411
-0.132791921496
-0.0790493190289
0.292897224426
0.294701099396
-0.0290389414877
-0.146369040012
-0.114694908261
0.034205365926
-0.131418347359
-0.207715108991
0.0188796259463
0.0129199912772
0.138044849038
0.149661079049
0.0777349099517
-0.052976898849
-0.0414041392505
0.0940420031548
0.205236896873
0.11748137325
0.0182403326035
0.102916508913
-0.0470165088773
0.06228941679
-0.0742951929569
-0.187936380506
-0.125103458762
0.0227600894868
0.0524836927652
-0.0870833471417
-0.0751750767231
-0.0513249747455
0.112609043717
-0.00226386240683
-0.135578393936
-0.149110585451
-0.0314203426242
-0.0987864434719
0.0890968888998
-0.00568111753091
-0.0878115817904
0.0806147530675
0.0743818953633
0.0423936545849
0.0920200198889
0.126591324806
0.0211047381163
0.21366097033
0.0845243260264
-0.0740249082446
-0.0382978320122
0.128400489688
-0.120799742639
-0.0960518270731
0.0384674817324
0.0459632836282
-0.0704886615276
0.164746314287
0.235062614083
0.111722439528
-0.0847478359938
0.0294548701495
-0.111650630832
-0.175477355719
-0.0348430834711
0.0283772908151
-0.00284867337905
0.0566330067813
-0.0395258963108
-0.0135204344988
-0.0440505258739
0.0494610592723
0.091774687171
0.225448057055
0.253424048424
0.0505971945822
-0.0617496296763
-0.0885339602828
0.101930193603
0.0839677080512
0.0587832853198
0.13194476068
0.0316863916814
-0.104574076831
0.0279272850603
0.0333963520825
0.14698779583
-0.00425987225026
-0.0203552711755
-0.0910972580314
-0.136147290468
0.118147559464
-0.00133415299933
0.00571464980021
0.0283013246953
0.045229177922
-0.0213133320212
-0.142675384879
0.132755860686
0.123757362366
0.134301319718
-0.00998227857053
-0.105175763369
-0.169032499194
0.114394858479
0.246992230415
0.165817931294
0.0464540012181
-0.0417335927486
-0.182239994407
0.0727025792003
0.0770931765437
-0.091649286449
-0.124756731093
-0.0333294197917
-0.169276744127
-0.0130797233433
0.0241988711059
-0.0870692580938
-0.179826870561
-0.164829403162
-0.0497898906469
-0.0374418757856
0.120917163789
0.089715115726
-0.0454734228551
0.00322476797737
-0.00489328848198
-0.0587183348835
-0.0411597788334
0.0843925178051
0.112878575921
0.0817894116044
-0.0576231591403
-0.0927667096257
-0.111161872745
-0.00555720552802
-0.0878220424056
-0.0938621759415
-0.0131486402825
0.00556624075398
-0.0386623963714
0.0341250859201
-0.0738122239709
-0.0422061271966
-0.067461155355
0.0396954193711
0.187068521976
0.159427314997
-0.0846035555005
0.0150730181485
0.0818918198347
0.189805522561
0.108054667711
-0.0719088762999
-0.000366566528101
-0.148260563612
0.0204241797328
0.135773822665
0.190540224314
0.082580216229
0.114453941584
0.100568309426
-0.042260568589
-0.0864263176918
0.120637573302
-0.0134049598128
-0.06452832371
0.09302418679
-0.00434382865205
-0.0161397065967
0.0412145406008
-0.0722558349371
0.0413118563592
0.0985481366515
0.0421259663999
-0.0205474924296
-0.160951271653
-0.0280605647713
0.122692011297
-0.0236869957298
-0.0455890856683
-0.0268901120871
-0.0354541800916
0.054515555501
-0.0255895983428
0.188555628061
-0.0335014685988
-0.0621958971024
-0.0827777758241
-0.0420766435564
-0.0319289527833
-0.0768547579646
0.0171830318868
-0.0531667694449
-0.110724769533
0.00840431638062
-0.15195608139
-0.0823818966746
-0.00939027220011
-0.0346167609096
-0.0651384070516
-0.0938103199005
-0.173208579421
-0.164515897632
0.08389429003
0.18702685833
0.077903598547
0.00182566069998
-0.159729495645
-0.074001275003
0.0666086599231
0.0282048564404
0.0422587655485
-0.00608965940773
0.032576020807
-0.0931978523731
0.0573776736856
0.0862986296415
0.140008851886
0.00762746250257
0.0164428111166
0.0363327525556
0.0686567872763
0.048708755523
0.0624219849706
0.0677944347262
0.0707901492715
0.297013193369
0.0131361708045
-0.0284816082567
0.0090432651341
-0.132058605552
0.286617159843
0.339008718729
0.0586535781622
-0.0383534505963
-0.034544814378
0.156106099486
0.185304909945
0.109592445195
-0.0563421398401
0.0529163368046
0.0654595568776
-0.0428372360766
0.182290017605
0.104268290102
0.0930824801326
0.0143042560667
-0.165451526642
-0.194263294339
-0.155442714691
-0.0432973764837
0.203024476767
0.1465100348
-0.22824858129
-0.208329454064
-0.0834347382188
0.0546078905463
0.325769513845
0.0720936134458
-0.119274109602
-0.132466644049
-0.0745974928141
0.362900406122
0.18017154932
-0.100951261818
-0.015027474612
-0.00596175575629
0.177185311913
0.139890149236
-0.00812107231468
-0.0371198169887
-0.044199783355
-0.0658580362797
-0.0452483147383
0.0858703777194
-0.00601365603507
0.0323685854673
-0.0351502820849
-0.0389244742692
-0.0447936691344
-0.149884730577
-0.0167913604528
0.0933276414871
0.0377923287451
-0.0209046620876
-0.0738662406802
0.0363301225007
-0.0549430251122
7.01870885678e-05
0.0031074162107
-0.024180278182
-0.0124490046874
-0.130729049444
0.031213356182
0.0355879850686
0.0014916639775
-0.0742905810475
-0.0159328300506
0.119409129024
0.036179497838
0.0467232093215
-0.134830281138
-0.0335419662297
0.0116753941402
-0.0394940711558
0.0988094806671
-0.0118361776695
-0.249300301075
-0.100668169558
-0.0422637090087
-0.0178959593177
0.107893280685
-0.110171228647
-0.0599033385515
-0.0176745001227
0.108288608491
0.0876520201564
-0.0517232008278
0.050933547318
-0.0883943289518
-0.0183437075466
-0.087997213006
-0.174816638231
-0.169394358993
-0.106104001403
0.0940453857183
0.0599626600742
-0.240864053369
-0.223524332047
-0.00898356270045
0.0374165959656
0.185485243797
-0.0394973196089
-0.1443053931
-0.0974134728312
-0.0875867009163
0.184991583228
0.0293631404638
-0.0645692870021
-0.0864688381553
0.0849471837282
-0.0479587949812
0.146843001246
-0.0354915075004
0.0407750457525
-0.0729096382856
0.00373795954511
-0.0234608259052
-0.0609607324004
-0.0389597937465
-0.148986801505
0.027172010392
0.0987040773034
-0.0701934546232
-0.0123147992417
-0.0730915665627
-0.107389703393
0.0140166506171
-0.0530501529574
-0.0377293229103
-0.0370119959116
-0.150246813893
-0.176312223077
-0.061544302851
-0.127409249544
0.0817331299186
-0.0238637197763
-0.0363562069833
0.0496965870261
0.160233512521
0.0917190238833
0.0502819046378
0.0111982803792
-0.0755177587271
-0.159464776516
-0.0815921872854
-0.0355446785688
0.104369848967
0.138255268335
-0.0662958621979
-0.0531789176166
-0.0260751377791
-0.00770612619817
-0.132189840078
-0.139292314649
0.0452282726765
-0.0826337561011
-0.120979905128
-0.144011065364
0.0279942136258
0.137128591537
-0.00507571920753
0.0159823000431
0.130630254745
-0.00639505218714
-0.171431586146
-0.118655733764
0.0544734932482
-0.0292311925441
-0.146827116609
-0.200824230909
-0.195990279317
-0.118566609919
-0.210416972637
-0.139914572239
-0.151730582118
-0.0569022931159
-0.0627585947514
-0.100044488907
-0.0548748113215
-0.0139873381704
-0.0256870109588
0.0303063038737
0.120893202722
0.00718532828614
-0.0403332524002
-0.00853695254773
0.0808566734195
-0.0324108600616
0.0289004296064
0.030302003026
-0.113693401217
0.0139154195786
-0.0676621794701
-0.0818199068308
0.00747585110366
0.00383299775422
-0.104075655341
0.0804231539369
-0.01947902143
0.146476358175
0.0979221984744
0.168153703213
0.147817149758
0.0295754820108
0.160252556205
0.185561820865
0.197418496013
0.0697333216667
-0.138483852148
-0.013082427904
0.100292831659
0.00850896723568
-0.125584706664
-0.0518652312458
0.127296864986
-0.0286769624799
0.0848244801164
0.0490934997797
-0.0647596940398
0.182166486979
0.219295233488
0.100107766688
0.0333721712232
0.0912842005491
0.122991979122
-0.0666298121214
0.128749743104
0.0160814616829
-0.0758830532432
-0.0558820404112
-0.175682604313
-0.108367830515
-0.00292793475091
0.100106298923
0.198298081756
0.173736661673
0.138261169195
0.0530359856784
0.145395934582
0.0476892180741
-0.00164734909777
0.0167623013258
-0.0263874456286
-0.0877131000161
-0.17344635725
-0.163162812591
-0.11501070857
-0.0421834215522
0.0456517934799
-0.132060050964
-0.049573354423
-0.0351617112756
-0.0398848243058
-0.0959629043937
-0.046434789896
0.0414932705462
-0.0349433086812
-0.0810994654894
0.0104691311717
-0.0109485080466
-0.0342048071325
0.0431775823236
0.0820428207517
0.0238470844924
-0.0548913106322
0.0179110355675
-0.0102845495567
-0.0279724001884
0.0328272804618
-0.0809910595417
-0.0394186340272
-0.153160870075
0.0760430470109
-0.000152314634761
0.204493612051
0.20071002841
0.319605737925
0.402772396803
0.27317532897
0.141941308975
0.219666615129
0.3372566998
0.187535315752
0.0189431142062
0.00585459591821
-0.0538969300687
0.1237873137
0.0678074210882
-0.154794201255
0.0278878118843
-0.0571906082332
-0.0441596806049
-0.0677209943533
-0.0633530989289
-0.00543162506074
0.173269957304
0.102283991873
0.0238464716822
0.00574736017734
0.00781764648855
-0.0559860020876
0.0570355951786
-0.0420843064785
-0.147032126784
-0.149869590998
-0.0572745464742
-0.0938260182738
-0.158777311444
-0.15083502233
-0.054524499923
-0.037357211113
-0.0325223729014
0.00110215041786
-0.0677065849304
0.223999813199
0.158776164055
0.107559002936
0.222282275558
0.14041800797
-0.0554913245142
0.0378311164677
0.124747022986
0.0316834636033
-0.123042486608
0.0019303484587
-0.110851764679
-0.184365525842
-0.221393942833
-0.198129728436
-0.100749537349
-0.10746922344
-0.0864500626922
-0.0936619192362
-0.0766109228134
-0.118843466043
-0.0683660954237
-0.0659167692065
-0.0174536928535
-0.0261458735913
0.0647655129433
0.0509401112795
0.0768203288317
0.152104079723
0.129583463073
-0.10890892148
-0.0599125511944
-0.093291208148
-0.0404657907784
-0.184078037739
-0.109114356339
-0.0440461747348
-0.0831679403782
0.0818799808621
0.02484209463
-0.00336340768263
0.105303548276
0.161886140704
0.0720767825842
-0.00382570270449
-0.00815262831748
-0.0697854161263
0.0333596915007
0.0839929506183
-0.0628813877702
0.00669796857983
-0.0700036883354
0.00223833927885
0.0361688286066
-0.0641987919807
0.121757403016
0.354247957468
0.177371531725
0.342580109835
0.188963890076
0.21446685493
0.23660492897
0.476662784815
0.270493119955
-0.0285791680217
-0.0651990175247
0.0177975334227
0.0265176910907
-0.00399443181232
-0.186763122678
-0.0232641156763
-0.0552569702268
0.0194092486054
0.138801023364
0.0168076902628
0.123677380383
0.0464593507349
0.0237205289304
0.0442594327033
-0.0754966810346
-0.134283080697
-0.181802228093
-0.0236728042364
-0.0216779652983
-0.119458466768
-0.167058765888
-0.248681753874
-0.140518665314
-0.116312280297
-0.0199683438987
-0.174399793148
-0.221622988582
-0.164116576314
0.0108248163015
-0.156854987144
-0.0970163121819
-0.0683124512434
-0.132747873664
-0.123804025352
-0.093453258276
0.137734606862
0.161228388548
0.180641949177
0.251551449299
0.207031950355
-0.0559151023626
-0.177381500602
-0.028238510713
0.0116999475285
-0.201526999474
-0.0339267849922
-0.103077977896
-0.0767053514719
-0.027746334672
0.0299449115992
0.0352577790618
-0.0438491404057
0.194411635399
0.107568852603
0.175449877977
-0.095154248178
-0.12329864502
-0.00633122865111
-0.00303378677927
-0.0812690258026
-6.75284099998e-05
-0.111964121461
-0.0997787043452
-0.0323688462377
-0.147502079606
-0.0740474537015
-0.0594856664538
-0.157210201025
-0.0989464893937
-0.0300417765975
-0.19557711482
-0.0140956016257
-0.167573899031
-0.136960759759
-0.125137284398
-0.0340787433088
