120 10 
0.345296233892
0.188719063997
0.178852856159
-0.119647473097
0.0466270409524
-0.0955027714372
0.194876790047
0.00577963609248
-0.0401833578944
0.0568565316498
-0.0827151089907
0.0948965325952
-0.0646583363414
0.146714434028
0.0622916892171
0.125022038817
-0.0768362060189
-0.192776113749
-0.217034399509
-0.112764775753
-0.0705882906914
0.0312741436064
-0.0460422895849
0.0792669579387
0.0916491225362
0.131641507149
-0.246900320053
-0.00855302810669
-0.0850844979286
0.0483016185462
0.0498823039234
-0.0921212434769
0.148820176721
-0.020193470642
-0.0576243065298
-0.0363455079496
-0.233010783792
-0.111973792315
-0.0101769901812
0.0785130336881
0.165948018432
-0.152020856738
-0.00972061511129
-0.16806550324
0.294620037079
-0.0588331222534
-0.0243555419147
-0.0146565875039
-0.0897694081068
-0.0630315616727
0.0313889496028
-0.071125395596
0.141823381186
0.0714830756187
0.0232087597251
-0.00917914416641
-0.092484138906
0.218607395887
0.096825376153
0.169257819653
0.0563174597919
-0.014006966725
0.078189112246
-0.171247586608
-0.136890560389
-0.133797198534
0.127487227321
-0.128053486347
-0.0908996239305
0.133642077446
-0.0221581291407
-0.107105918229
-0.109076857567
-0.0342583321035
0.0630682557821
0.167407378554
0.0669409632683
-0.281611025333
-0.0844359695911
-0.0612767599523
-0.0129667306319
-0.0900028422475
0.256713569164
-0.0494819581509
-0.0447163544595
0.0466941185296
0.0906845927238
-0.0416044779122
0.0831772834063
0.0907098427415
-0.0748122856021
-0.0550240129232
0.153934508562
-0.162161812186
-0.16278372705
0.124799177051
-0.0437840744853
-0.20818208158
-0.0203847400844
0.157320842147
-0.275273442268
-0.0497324578464
-0.062253408134
0.096422739327
0.092607550323
-0.146025955677
-0.0946094244719
-0.143418297172
0.151001602411
-0.211199730635
0.0896789506078
0.0221672430634
-0.00961930956692
-0.102470874786
0.0871136635542
-0.0935096219182
0.0427949950099
0.0548585578799
0.0996228158474
-0.0192122478038
0.0855671837926
-0.23437641561
0.221654400229
0.0280211567879
0.261422663927
0.0774851292372
0.0189801082015
-0.0837348103523
-0.0321065671742
-0.200834035873
-0.0728296414018
-0.00880803819746
-0.185672834516
0.0349454395473
-0.0968811288476
-0.0782556682825
-0.113679394126
0.0311296842992
-0.102182283998
-0.272960752249
-0.0147973466665
-0.127633914351
0.319258213043
0.066415451467
-0.136527404189
-0.145123705268
-0.0281805843115
0.0918633714318
0.221023619175
0.116810105741
0.0669744163752
-0.0444237813354
-0.273158311844
0.302106976509
0.126411616802
0.0939574614167
0.0313013270497
-0.00885518826544
-0.110915772617
-0.165808483958
-0.115811936557
-0.0752966925502
-0.130654469132
-0.0525833033025
0.00362235633656
0.127299576998
-0.0688614472747
0.0907020121813
0.227013558149
-0.0978592187166
-0.0386166572571
-0.0595253519714
0.0168783515692
-0.112408198416
-0.0875897184014
-0.0966112315655
0.155760779977
-0.0480646193027
-0.0264007002115
-0.120305418968
-0.0402999706566
-0.00162055401597
0.147401571274
-0.0800215601921
0.117866389453
0.115245893598
0.0491263791919
0.2675152421
0.0442533716559
0.0693383961916
0.0654919296503
-0.0883151963353
0.244358465075
0.0783742964268
-0.00253242533654
0.126457884908
-0.254822790623
0.275264024734
-0.143214717507
-0.0956280305982
0.191026940942
0.033327229321
-0.0432420447469
-0.0595911890268
0.0152744185179
-0.0540072694421
0.024240527302
-0.00953771453351
-0.0481939874589
-0.116492651403
0.164828389883
-0.00924638099968
0.155082568526
0.0127789387479
0.18001998961
-0.0607703365386
0.018562907353
0.00403530569747
0.0875648260117
0.161619648337
-0.0842413827777
-0.271387040615
-0.0402417033911
0.16099101305
-0.0978873670101
0.274652421474
-0.118397600949
0.187078133225
-0.167503803968
-0.0792582780123
0.0933486521244
0.0743029341102
-0.0779402330518
-0.0452039428055
-0.0158547721803
-0.0057814437896
-0.00206786603667
0.235624089837
0.228982970119
-0.236738204956
-0.17387022078
0.0231883022934
0.228300735354
0.0229444950819
-0.128794178367
-0.0561004765332
-0.308304339647
0.0117238387465
-0.0709440410137
0.146739944816
-0.00402245763689
-0.12889829278
-0.16400706768
-0.202450737357
0.132568180561
0.0118457470089
0.238624602556
-0.00147059152368
-0.117078028619
-0.120419017971
-0.0516122803092
0.0172648914158
0.00992047972977
-0.0743231475353
0.0216272324324
-0.0957943126559
-0.260436266661
-0.272793233395
0.26951661706
0.220735266805
-0.170851275325
0.107212178409
0.246851608157
-0.137765571475
0.0847545564175
0.227472037077
-0.0538296289742
-0.268858790398
-0.0958716422319
0.0214277859777
0.175571009517
-0.11830431968
0.206422865391
0.219064727426
-0.0924060419202
0.191469892859
0.0331573076546
-0.0805647820234
0.151197880507
-0.0921721607447
-0.050084553659
0.068865314126
0.28241828084
-0.17935089767
-0.132577583194
0.338337570429
0.0136514110491
-0.178963005543
0.242439523339
-0.10675162077
-0.0853889063001
0.0725648403168
-0.113615244627
0.0943770706654
0.157081589103
0.064243786037
0.184181272984
0.0712077617645
0.0830173715949
-0.0955594107509
-0.152071192861
0.28474098444
0.13121598959
-0.0847595483065
-0.114333763719
-0.186369389296
-0.0387742482126
-0.159351289272
-0.239143624902
-0.0498678646982
0.0722441449761
0.198859199882
0.252121716738
-0.0483994781971
0.128958538175
-0.0209839213639
0.203703790903
-0.111325792968
-0.110100857913
0.0872059985995
0.25707668066
-0.13868150115
-0.0599847398698
-0.159058719873
-0.109220549464
-0.0371703952551
0.0173747669905
0.283524721861
0.110467359424
-0.17326644063
-0.0580572858453
0.0304481126368
-0.0458209849894
-0.142976567149
-0.0327236391604
-0.154469802976
-0.0436354503036
-0.213083103299
0.261479556561
0.0947665497661
0.218221485615
-0.0975530147552
0.0754682198167
0.0164214726537
0.16367316246
0.188551455736
-0.0154100554064
0.055575478822
-0.0895673185587
-0.133777216077
-0.11745069176
-0.108009546995
-0.0833522975445
0.237769261003
0.0348922386765
0.136874571443
-0.0557739362121
0.0129990614951
0.22964322567
0.21003125608
-0.106928564608
0.261638104916
0.141087114811
-0.0520856529474
-0.0145090296865
0.0424758642912
-0.248887747526
0.15994541347
-0.000476953951875
0.212944835424
0.00927483011037
0.131924107671
-0.0114170992747
-0.202261656523
0.168263241649
-0.289039671421
0.178932845592
0.205800667405
-0.200397878885
0.123881556094
-0.109993010759
-0.0444721952081
0.0605559945107
0.26563924551
0.116770654917
-0.00126144150272
0.0715840831399
0.0801983997226
0.147132769227
0.0991702005267
-0.227095961571
0.0516206361353
-0.110709123313
0.132370561361
-0.0626128390431
-0.197101131082
-0.0902170464396
-0.126422733068
-0.0658951178193
0.0866205245256
-0.00828999374062
-0.193742156029
-0.23697258532
-0.0891497656703
0.124629102647
-0.0740591734648
-0.0450366586447
-0.0576231144369
0.296859711409
0.199206694961
-0.168260186911
0.0188213028014
0.00379327731207
-0.0859027504921
-0.165093407035
-0.08842253685
0.0480566732585
0.0823970809579
-0.10291069001
-0.141581267118
-0.0324995666742
0.112277746201
-0.135838285089
-0.194826617837
-0.0379301868379
-0.137768939137
-0.031623031944
0.239428699017
-0.047790940851
0.00406880024821
0.148339629173
-0.0626978650689
0.0628369674087
-0.0286728590727
0.0505074635148
0.215533643961
0.0610950179398
-0.11005884409
-0.0135263642296
-0.0468555130064
-0.080067768693
-0.127551034093
0.180419951677
0.161600381136
-0.0701022073627
-0.415605098009
0.0677310973406
0.117069005966
0.186649858952
-0.0422633811831
0.153918132186
0.21382150054
-0.144579678774
0.0600627101958
-0.078094035387
-0.318872720003
-0.0463491380215
0.0223920829594
-0.0579659715295
-0.292165309191
0.0269075334072
0.0204883981496
-0.293991714716
-0.114471562207
-0.241614818573
-0.0476281456649
-0.0728911459446
0.0308446697891
-0.166592016816
0.0503402724862
-0.101303331554
-0.067283526063
-0.109247200191
-0.087118819356
-0.350135147572
-0.061049874872
0.0240246821195
-0.251057714224
-0.0298472438008
-0.19450108707
-0.177231013775
0.0443471036851
-0.185932904482
0.0439086444676
-0.15361738205
0.0785452276468
-0.116388201714
-0.0653736516833
0.0681307092309
-0.0701769590378
-0.0954302474856
0.0842152014375
0.255469143391
0.019761281088
-0.0277373641729
-0.0382007099688
0.246965542436
-0.0392738468945
0.0443939343095
-0.227813646197
0.160843014717
0.0628522187471
-0.258376657963
-0.124731756747
-0.105295412242
0.047672893852
0.142725154757
0.109977856278
0.107688382268
-0.148907035589
0.328721106052
0.149683743715
0.0884518995881
-0.267894804478
-0.00276744365692
0.167515695095
-0.0429750420153
0.139429435134
-0.167970612645
-0.0488754361868
-0.328752428293
-0.0603689439595
-0.00179312983528
-0.202355399728
-0.249978393316
0.0802879184484
-0.0661078542471
-0.208243057132
-0.277222424746
0.0451750345528
0.236761122942
0.00344086880796
0.00261948956177
0.222398474813
0.030939206481
-0.0257495455444
-0.0129063930362
-0.0401886925101
0.0505259670317
0.079425573349
-0.0724400281906
-0.0668531507254
0.117580369115
0.0417857244611
0.164118722081
-0.0284882672131
0.0275700092316
-0.0682588145137
0.15954823792
-0.0530076771975
-0.178368166089
0.14970715344
-0.0744088441133
0.339074790478
-0.190391674638
-0.0103295315057
0.000611328927334
0.000399865908548
0.226117834449
-0.0238001830876
-0.0672173276544
-0.0330180227757
-0.287646770477
-0.171882256866
0.0889063775539
0.165694013238
0.0903232470155
0.160501152277
-0.137735456228
-0.112925507128
-0.170570999384
-0.00249091279693
0.0946590006351
-0.238649815321
-0.208867654204
0.317894369364
0.07006688416
0.0991808176041
-0.140043839812
0.164447903633
0.128576815128
-0.105642259121
-0.133409306407
0.307067424059
0.218917399645
-0.0571488179266
-0.0831517204642
-0.0252458900213
0.0253712162375
0.193804726005
-0.0466871745884
0.12989987433
-0.211012989283
-0.224007174373
0.0540958754718
-0.24860471487
-0.123757787049
0.266350895166
-0.0484441109002
-0.0763754025102
0.151734963059
0.324070185423
0.339953809977
-0.0209713615477
-0.0658289864659
0.150689214468
0.120590373874
-0.0360387861729
0.0294703617692
0.29513168335
0.0579955354333
0.186231434345
-0.164347082376
-0.0384786128998
-0.187790647149
0.0728232339025
0.234159335494
-0.27638104558
0.13746535778
-0.11888563633
-0.0447554700077
0.0145472669974
0.165455535054
-0.0805110484362
0.0857245624065
-0.0534220077097
-0.0542155504227
0.248736217618
0.0164415892214
0.101781308651
-0.0561241731048
0.106128126383
-0.281453937292
0.13859538734
-0.12528245151
-0.075851470232
0.114077180624
-0.129056215286
-0.0360565781593
-0.126974180341
0.204149633646
-0.0757846161723
0.0343563333154
0.0470307990909
-0.146089732647
-0.117159418762
-0.0332262553275
-0.00992688164115
-0.289464712143
0.150666758418
0.0392395034432
-0.168815344572
-0.102355636656
0.211605295539
-0.151996731758
0.190476477146
-0.0187587030232
0.234301149845
-0.121286615729
0.031028104946
0.173703342676
-0.22092589736
0.0481918156147
-0.0154006714001
-0.300894141197
0.238788038492
-0.0673037990928
0.303038597107
0.0231583807617
-0.133282124996
0.0845962688327
-0.0921816155314
-0.0982354059815
0.124377384782
0.181596830487
-0.247670963407
0.0987212657928
0.0579739287496
-0.0535773821175
-0.0572342574596
0.0479520075023
0.123734422028
0.203927785158
-0.0533048473299
-0.172639340162
0.146858632565
-0.0869845896959
-0.00473342044279
-0.189929544926
0.0121995201334
0.222298011184
-0.159019947052
-0.0318062603474
-0.139458939433
0.108052067459
-0.14720697701
0.0890874788165
-0.160012483597
-0.10850673914
-0.0624495632946
0.0971741229296
0.0677610039711
0.237166658044
-0.264879524708
-0.0842459797859
0.0531257353723
-0.0716942325234
0.158045679331
0.138489559293
0.0747149437666
0.206016629934
0.0444872714579
0.150792047381
-0.156705737114
-0.0898680686951
-0.0918457582593
0.0829549655318
0.111882030964
0.00897208042443
0.127197533846
-0.0077266022563
-0.206369444728
0.14013941586
0.0881266891956
0.0262566786259
-0.0263170301914
-0.136534839869
0.0954992175102
-0.0345834381878
0.0261336639524
0.482866227627
-0.345905005932
0.18276591599
0.0887874886394
-0.0782243236899
0.0388870835304
-0.254251599312
0.166873395443
-0.122278429568
-0.184405878186
-0.130660429597
0.0838235914707
0.0800446122885
-0.0146276019514
0.0742211341858
-0.118808075786
0.233353868127
-0.0248855259269
-0.0158365163952
0.123216062784
0.00705744046718
-0.0168684236705
-0.0677983537316
0.101854689419
-0.0338444299996
-0.0674216970801
-0.0923394039273
0.104217603803
-0.0204634256661
0.123418882489
0.168253585696
0.0833107158542
0.0641540661454
0.17133025825
0.104128904641
0.011086544022
0.00948420818895
0.193999737501
-0.26332077384
-0.122223600745
-0.190743550658
-0.117377482355
-0.0255554597825
-0.122873432934
-0.0916231423616
0.0717839449644
0.151168972254
-0.0461108013988
-0.0382886193693
-0.103819042444
0.183751106262
-0.15075263381
-0.0150513313711
0.106934271753
-0.180225431919
-0.10826536268
-0.00171041511931
-0.147430598736
0.332666426897
0.0712187737226
0.0350582823157
-0.155189409852
-0.170222878456
-0.0134690143168
-0.0472343079746
-0.0655862390995
-0.0915270522237
-0.113990329206
-0.107491202652
-0.153518632054
-0.159848794341
0.0823988243937
0.0263647120446
-0.155855461955
-0.148778438568
0.155454754829
-0.110621720552
0.14842620492
0.093877196312
0.00534128863364
-0.184065952897
-0.101966954768
0.15344402194
0.20924565196
-0.0110576385632
-0.140699729323
0.160276755691
0.00852595642209
-0.202442616224
-0.107320636511
-0.0791145786643
0.0881873220205
0.0285876914859
-0.234473451972
0.00310515332967
-0.136646166444
0.0218389052898
-0.0664071515203
0.00201245537028
0.0802725628018
-0.299820691347
-0.113596729934
-0.0398727580905
-0.0349380485713
0.119131103158
0.237079843879
0.245178312063
0.0575225800276
-0.132063239813
-0.271682322025
0.223855525255
-0.0800304189324
0.114848740399
0.270693987608
0.0730167552829
-0.113684006035
0.0910252556205
0.252081602812
-0.147781014442
0.0264735091478
-0.0166798084974
0.125736624002
-0.0657634213567
-0.0661699771881
0.0520448796451
0.117122106254
0.172061398625
-0.0818957313895
0.00354462233372
0.357587814331
0.10110270977
-0.122714497149
-0.0700913891196
0.19700999558
0.113992616534
-0.115013644099
0.0434759818017
-0.248476490378
-0.0431974120438
-0.190515071154
-0.159275487065
-0.0953195169568
-0.0322222970426
-0.264440655708
0.0438615567982
0.0885690376163
0.134870886803
0.00732176704332
0.205759197474
0.125181600451
0.00672913016751
-0.188951596618
0.0416698306799
0.0231670271605
0.0813191533089
-0.0211542323232
0.161509424448
-0.167334169149
-0.228133514524
-0.160936444998
-0.0734398663044
0.0940306782722
0.0870656967163
-0.0075377584435
0.259006947279
-0.300618737936
-0.043128002435
0.040000192821
0.0644199922681
0.0200855359435
0.163109973073
0.00618397863582
-0.129889219999
0.188895225525
0.293394684792
0.00938214547932
-0.250172615051
-0.176221102476
-0.115623652935
0.0301340315491
0.112587116659
0.00495090615004
-0.00190248235594
0.0208778996021
0.0744118764997
-0.0401779823005
-0.141436129808
0.197428196669
0.102824948728
0.000743404380046
0.0547583326697
-0.184958174825
-0.134298458695
0.0682750418782
-0.0017225559568
-0.151253595948
0.0506789721549
-0.198088079691
-0.0306834429502
0.0680230036378
0.0300209820271
0.0284516625106
-0.0324177443981
0.151336148381
0.226991966367
-0.180049985647
-0.0342252105474
0.173087239265
-0.134716436267
0.127601012588
-0.0427549555898
0.164084821939
0.137322768569
0.181035473943
0.0150388218462
-0.178341150284
-0.0935065299273
-0.103574201465
0.0819730088115
0.15106292069
0.351137816906
-0.0811195597053
0.00204943236895
0.0604406856
-0.108674503863
-0.197567373514
-0.098095074296
-0.161075428128
-0.0483591593802
0.167278751731
-0.137739732862
-0.270140051842
0.134311407804
-0.131871476769
-0.0591960959136
-0.168538570404
-0.0295191649348
0.0831313356757
0.204457610846
0.0208183396608
-0.250988841057
-0.224693059921
-0.147748321295
-0.0397884249687
0.0152957169339
0.245316952467
0.0443423651159
-0.018191928044
-0.130296438932
-0.0830936804414
-0.0103256460279
0.0876170322299
-0.0842802003026
-0.263487994671
0.00968430284411
-0.1084433496
0.0895250141621
0.171373516321
0.0956410095096
0.149876952171
-0.282410264015
-0.133621126413
0.144255310297
0.0145729659125
0.0461679697037
-0.0269315671176
-0.115717194974
0.0376062169671
0.0831357017159
-0.0501652508974
0.0690840259194
0.197837084532
-0.264428704977
0.1549731493
0.0189478974789
-0.0578175522387
-0.0636296793818
0.25751209259
0.237462952733
0.0487893298268
0.020261425525
0.328499674797
0.0687187835574
-0.026238463819
0.144997090101
0.252452045679
-0.204365968704
-0.252298414707
-0.0270270500332
0.119008183479
0.0435580536723
0.318981379271
-0.029777623713
-0.0645675435662
0.15507735312
-0.0541810803115
-0.0683258771896
0.204506248236
0.0464230254292
-0.0238461513072
-0.19244325161
0.0654713511467
-0.173311218619
-0.0902838855982
0.00103543687146
0.110496729612
-0.128889888525
0.0775740742683
-0.111131750047
0.0587118193507
-0.129237994552
0.0459068492055
-0.290177315474
0.210892140865
-0.102882735431
0.178246036172
0.0937086269259
-0.0900582373142
-0.11694842577
-0.182459905744
0.0513611398637
-0.0605631247163
-0.11758993566
-0.00827623717487
-0.0563621111214
-0.0414527021348
-0.233104869723
0.137510791421
0.166429579258
0.162451907992
0.100879482925
0.0851704329252
0.032179698348
0.0781771987677
-0.403596758842
-0.125059455633
0.0173080302775
0.00173823651858
-0.0633220896125
0.214417278767
-0.232711151242
0.180518776178
-0.221738934517
0.330181479454
0.162702322006
0.0155808888376
0.127466395497
-0.0615039616823
-0.120496191084
-0.149557009339
-0.259018212557
0.1468950212
-0.130869105458
-0.00841096974909
0.0531621091068
-0.119758501649
-0.00527252303436
-0.222854107618
0.0441375635564
0.209369570017
-0.113180659711
0.159077167511
-0.123848162591
0.256865233183
0.270692229271
0.0423289835453
0.191694766283
0.0503498315811
-0.0678069591522
-0.17892485857
-0.023913750425
0.124965518713
-0.253649652004
-0.0143465641886
0.0593060739338
-0.0667670667171
-0.270089894533
0.188977271318
0.0392939709127
-0.135222688317
0.0864363536239
-0.0610827840865
0.0314329825342
-0.167388871312
-0.0629676356912
-0.193667650223
0.118165619671
-0.0104746958241
-0.35352191329
-0.0939824655652
0.0822472423315
0.17156752944
0.067703448236
-0.108635418117
0.200648143888
-0.231710001826
-0.162081003189
-0.0120092825964
0.0314565449953
-0.0877039805055
0.289840877056
0.183392867446
-0.117337584496
0.0121798366308
-0.0416323468089
-0.159189119935
0.105706498027
-0.125322207808
-0.0239673815668
-0.0995416790247
-0.166512534022
-0.118396818638
-0.170354366302
0.0894792452455
-0.0310885440558
-0.138486400247
0.34131860733
-0.108857922256
0.126766905189
-0.138684332371
0.108074039221
-0.141839399934
-0.236801460385
-0.0962045416236
-0.0700951740146
-0.0963975936174
0.163417160511
-0.0189467128366
-0.167508557439
0.146035969257
0.022589314729
0.331100732088
0.266880959272
-0.0782954245806
-0.00306116626598
-0.0267154779285
0.0913806036115
-0.19660115242
-0.307696163654
0.20905521512
0.194763153791
-0.0713802203536
0.130199506879
0.00179357198067
-0.109198339283
0.318009853363
0.109054453671
-0.00404788460582
0.0720437467098
0.385218352079
-0.314321696758
-0.00925061479211
0.119739308953
0.134944006801
0.175562381744
0.0369241088629
-0.00805868487805
-0.246352896094
0.0303864665329
-0.385517179966
-0.0561226122081
0.0893840268254
-0.0506616644561
-0.0169895160943
0.062708593905
-0.0153264049441
-0.0678999945521
0.0257572941482
0.0544791594148
-0.0253379624337
