5 5 1 6 
0.334408134222
0.166648507118
-0.184558287263
-0.302440285683
-0.338638722897
0.319217681885
0.402144908905
0.419556468725
0.0782720297575
-0.154158875346
-0.289025366306
0.295106828213
0.609933316708
0.097373329103
-0.226765245199
-0.516551792622
-0.382897078991
0.37815669179
0.295833259821
-0.347220957279
-0.112157769501
-0.460074156523
-0.181892231107
0.357606053352
0.144044175744
0.360374033451
0.0578015334904
-0.122979655862
-0.184805840254
-0.226860448718
0.556033849716
0.60837072134
-0.00858615152538
-0.34484320879
-0.127695590258
0.570568203926
0.481322675943
0.248932436109
0.0778788551688
-0.178343310952
0.0941390246153
0.742321848869
0.497049987316
0.136404410005
0.369042515755
0.226664170623
0.214273929596
0.545106291771
0.114660456777
0.291576385498
-0.387996047735
-0.0531368926167
0.0187991019338
-0.36362361908
-0.182523205876
-0.0505473129451
0.0709203928709
-0.24715706706
-0.494230508804
-0.433507919312
-0.00306325010024
-0.0727519094944
0.149738252163
-0.116689875722
0.000248919823207
-0.0218852516264
0.0587041899562
0.23648455739
0.451470971107
0.449389606714
0.145596593618
-0.112001210451
0.381536215544
0.416947633028
0.53453707695
0.294892519712
0.3118878901
0.525224745274
0.747513890266
0.661539375782
-0.157869800925
0.21506935358
0.526645720005
0.36896944046
0.610525131226
-0.140613630414
-0.191608518362
-0.401467680931
-0.127347961068
-0.0202104765922
-0.284322351217
-0.546589910984
-0.619333803654
-0.652825891972
-0.503871917725
-0.103096395731
-0.348315477371
-0.23462074995
-0.136468574405
-0.00729655148461
-0.0441465601325
0.516648173332
0.459585428238
-0.149081423879
-0.0700389444828
0.00562110124156
0.365449666977
0.362376779318
-0.314538478851
0.329963833094
0.152988776565
0.0740699842572
-0.0814761295915
-0.0724933519959
0.487261712551
-0.229596570134
-0.0918188542128
-0.12797652185
0.556074202061
0.724573075771
-0.0790758803487
0.0230023562908
-0.0656732842326
0.493785768747
0.329561293125
-0.132237493992
-0.559053897858
-0.582635045052
-0.484798818827
-0.082982391119
-0.177962377667
-0.388329535723
-0.542392909527
-0.455475121737
-0.053840700537
-0.249166458845
-0.0351502299309
-0.000965527549852
-0.0117090782151
0.147096052766
0.207826271653
0.368169933558
0.600339651108
0.50488036871
0.5276876688
0.401159882545
0.607050478458
0.604512989521
0.44638222456
0.361424744129
-0.612409472466
-0.48833501339
-0.199575349689
-0.518166661263
-0.234977915883
-0.452920556068
